M/Z,Intensity
800.0,520.0
800.32,612.0
800.64014,358.0
800.9604,922.0
801.28076,1396.0
801.60126,399.0
801.9219,512.0
802.2426,837.0
802.56354,573.0
802.8846,1076.0
803.20575,856.0
803.52704,457.0
803.84845,433.0
804.17,854.0
804.49164,678.0
804.8134,246.0
805.1353,718.0
805.4574,513.0
805.7796,223.0
806.1019,655.0
806.4244,1314.0
806.74695,245.0
807.06964,518.0
807.39246,892.0
807.7154,219.0
808.03845,433.0
808.3617,1754.0
808.68506,455.0
809.00854,445.0
809.33215,843.0
809.6559,543.0
809.97974,362.0
810.3037,727.0
810.6278,665.0
810.9521,444.0
811.2765,580.0
811.601,408.0
811.92566,354.0
812.2504,628.0
812.5753,477.0
812.9003,401.0
813.22546,599.0
813.5508,349.0
813.8762,318.0
814.2018,523.0
814.52747,443.0
814.8533,354.0
815.1792,605.0
815.50525,461.0
815.8314,234.0
816.1578,603.0
816.48425,440.0
816.81085,499.0
817.1376,973.0
817.4644,447.0
817.7914,275.0
818.11847,768.0
818.44574,529.0
818.77313,247.0
819.10065,628.0
819.4283,403.0
819.75604,197.0
820.0839,513.0
820.412,450.0
820.7402,263.0
821.0685,577.0
821.3969,451.0
821.72546,242.0
822.05414,498.0
822.38293,509.0
822.7119,336.0
823.041,2817.0
823.37024,579.0
823.6996,297.0
824.02905,1762.0
824.35864,648.0
824.6884,980.0
825.0183,17448.0
825.3483,938.0
825.67847,498.0
826.0087,7341.0
826.3391,793.0
826.6696,326.0
827.0003,2178.0
827.3311,555.0
827.66205,270.0
827.9931,734.0
828.3243,684.0
828.65564,260.0
828.9871,428.0
829.3187,619.0
829.65045,260.0
829.9823,343.0
830.3143,598.0
830.6464,256.0
830.9787,367.0
831.3111,533.0
831.6436,239.0
831.97626,341.0
832.309,629.0
832.64197,343.0
832.97504,443.0
833.3082,581.0
833.64154,279.0
833.975,394.0
834.3086,680.0
834.64233,434.0
834.9762,434.0
835.3102,553.0
835.6443,347.0
835.9785,423.0
836.3129,529.0
836.64746,279.0
836.9821,476.0
837.3169,515.0
837.6518,225.0
837.9869,432.0
838.3221,499.0
838.6574,371.0
838.99286,4498.0
839.3284,559.0
839.6642,292.0
840.00006,2171.0
840.33606,528.0
840.6722,430.0
841.0084,3538.0
841.34485,580.0
841.6814,323.0
842.01807,1706.0
842.35486,589.0
842.6918,307.0
843.0289,1105.0
843.3661,512.0
843.7034,260.0
844.0409,651.0
844.37854,524.0
844.7163,816.0
845.0542,6873.0
845.3922,1278.0
845.73035,749.0
846.06866,3622.0
846.4071,865.0
846.74567,600.0
847.08435,2209.0
847.42316,591.0
847.76215,374.0
848.10126,1023.0
848.4405,479.0
848.77985,259.0
849.1194,581.0
849.45905,397.0
849.7988,209.0
850.13873,545.0
850.47876,373.0
850.819,223.0
851.1593,479.0
851.49976,335.0
851.84033,205.0
852.1811,519.0
852.522,351.0
852.863,245.0
853.2041,534.0
853.5454,318.0
853.88684,292.0
854.2284,534.0
854.57007,274.0
854.9119,1765.0
855.2539,573.0
855.596,259.0
855.93823,922.0
856.2806,639.0
856.6231,392.0
856.96576,1546.0
857.30853,579.0
857.6514,253.0
857.9945,910.0
858.3377,637.0
858.681,249.0
859.0245,843.0
859.3681,580.0
859.71185,257.0
860.0557,604.0
860.3997,461.0
860.7439,3032.0
861.0882,7718.0
861.4326,665.0
861.77716,2102.0
862.1219,3095.0
862.46674,533.0
862.8117,1253.0
863.15686,1120.0
863.50214,400.0
863.84753,673.0
864.19305,584.0
864.53876,371.0
864.8846,573.0
865.2305,518.0
865.5766,272.0
865.92285,399.0
866.2692,593.0
866.6157,247.0
866.96234,744.0
867.30914,508.0
867.65607,228.0
868.0031,512.0
868.35034,479.0
868.6977,174.0
869.04517,394.0
869.39276,373.0
869.74054,188.0
870.08844,350.0
870.43646,369.0
870.7846,277.0
871.13293,455.0
871.4814,342.0
871.82996,240.0
872.1787,474.0
872.5276,351.0
872.8766,800.0
873.2257,526.0
873.575,282.0
873.92444,517.0
874.274,515.0
874.6237,252.0
874.9736,450.0
875.32355,470.0
875.6737,200.0
876.024,404.0
876.3744,581.0
876.7249,784.0
877.0756,1574.0
877.42645,572.0
877.7774,698.0
878.12854,699.0
878.4798,416.0
878.8312,765.0
879.18274,528.0
879.5344,308.0
879.8862,489.0
880.23816,600.0
880.5903,285.0
880.9425,419.0
881.29486,479.0
881.6474,211.0
882.00006,447.0
882.35284,457.0
882.7058,255.0
883.0589,593.0
883.4121,376.0
883.7655,205.0
884.119,454.0
884.47266,379.0
884.8264,279.0
885.18036,458.0
885.5344,313.0
885.8886,233.0
886.243,466.0
886.5975,232.0
886.9521,294.0
887.3069,494.0
887.6618,209.0
888.01685,340.0
888.3721,418.0
888.7274,226.0
889.0829,482.0
889.43854,903.0
889.7943,233.0
890.1502,442.0
890.5063,812.0
890.8625,261.0
891.2188,501.0
891.5753,410.0
891.93195,240.0
892.2887,567.0
892.6456,264.0
893.0027,446.0
893.35986,464.0
893.7172,204.0
894.0747,376.0
894.4323,394.0
894.7901,336.0
895.148,419.0
895.50604,303.0
895.86426,295.0
896.2226,440.0
896.58105,212.0
896.9397,293.0
897.29846,456.0
897.6574,204.0
898.0165,352.0
898.3757,486.0
898.73505,216.0
899.09454,477.0
899.45416,387.0
899.81396,236.0
900.1739,518.0
900.53394,320.0
900.89417,259.0
901.2545,512.0
901.615,212.0
901.97565,297.0
902.3364,475.0
902.6974,194.0
903.0585,373.0
903.4197,384.0
903.78107,177.0
904.1426,457.0
904.5042,429.0
904.866,242.0
905.22797,485.0
905.5901,319.0
905.95233,282.0
906.3147,551.0
906.67725,190.0
907.0399,327.0
907.4027,385.0
907.7657,187.0
908.1288,372.0
908.49207,345.0
908.85547,205.0
909.219,435.0
909.5827,231.0
909.94653,221.0
910.3105,456.0
910.6746,191.0
911.0389,334.0
911.4033,378.0
911.7679,171.0
912.13257,390.0
912.49744,347.0
912.8624,200.0
913.2276,423.0
913.5929,289.0
913.9583,275.0
914.3239,457.0
914.68964,220.0
915.05554,346.0
915.4216,416.0
915.7877,187.0
916.15405,413.0
916.5205,379.0
916.88715,252.0
917.2539,499.0
917.6208,252.0
917.98785,297.0
918.35504,589.0
918.7224,175.0
919.0899,389.0
919.4575,401.0
919.8253,221.0
920.19324,598.0
920.56134,326.0
920.92957,296.0
921.2979,535.0
921.66644,178.0
922.0351,361.0
922.40393,431.0
922.7729,202.0
923.14197,412.0
923.5112,346.0
923.8806,229.0
924.2502,452.0
924.6199,241.0
924.98975,283.0
925.35974,384.0
925.72986,179.0
926.10016,508.0
926.4706,318.0
926.8412,219.0
927.2119,479.0
927.5828,227.0
927.95386,272.0
928.325,431.0
928.69635,188.0
929.0678,359.0
929.43945,384.0
929.8112,194.0
930.18317,448.0
930.55524,318.0
930.9274,229.0
931.2998,448.0
931.6723,202.0
932.045,352.0
932.4178,435.0
932.7908,177.0
933.1639,435.0
933.5372,726.0
933.9106,260.0
934.2841,616.0
934.65784,304.0
935.0317,291.0
935.4057,455.0
935.77985,171.0
936.1542,374.0
936.5286,313.0
936.90326,204.0
937.278,430.0
937.65295,207.0
938.028,282.0
938.4032,382.0
938.77856,183.0
939.15405,375.0
939.5297,297.0
939.9055,229.0
940.2815,417.0
940.6576,222.0
941.0339,327.0
941.4103,360.0
941.78687,210.0
942.1636,454.0
942.54047,290.0
942.9175,323.0
943.2947,406.0
943.672,197.0
944.04944,406.0
944.42706,405.0
944.8048,167.0
945.18274,493.0
945.5608,315.0
945.939,340.0
946.3174,522.0
946.6959,208.0
947.0746,393.0
947.4534,524.0
947.8324,232.0
948.21155,560.0
948.5908,322.0
948.9703,292.0
949.34985,515.0
949.7296,176.0
950.1095,341.0
950.48956,327.0
950.86975,205.0
951.2501,369.0
951.6306,233.0
952.0113,287.0
952.3921,403.0
952.7731,151.0
953.1542,346.0
953.53546,305.0
953.9169,214.0
954.29846,384.0
954.6802,217.0
955.0621,305.0
955.4441,378.0
955.8263,189.0
956.2086,373.0
956.5911,284.0
956.97375,262.0
957.35657,393.0
957.7395,175.0
958.1226,386.0
958.50586,378.0
958.8893,213.0
959.2728,392.0
959.65656,195.0
960.0404,319.0
960.42444,353.0
960.8086,203.0
961.19293,384.0
961.5774,305.0
961.96204,312.0
962.3468,455.0
962.73175,242.0
963.1168,356.0
963.5021,327.0
963.88745,235.0
964.273,435.0
964.6587,195.0
965.04456,353.0
965.4306,407.0
965.8168,206.0
966.2031,433.0
966.5896,282.0
966.97626,277.0
967.36304,379.0
967.75,213.0
968.1371,427.0
968.52435,304.0
968.91174,292.0
969.2993,496.0
969.687,252.0
970.0749,637.0
970.4629,408.0
970.8511,346.0
971.23944,480.0
971.6279,309.0
972.0166,331.0
972.4054,440.0
972.7944,197.0
973.1835,389.0
973.57275,324.0
973.96216,255.0
974.35175,441.0
974.7415,208.0
975.1314,345.0
975.5215,415.0
975.9117,245.0
976.30206,433.0
976.69257,229.0
977.08325,311.0
977.47406,642.0
977.86505,204.0
978.2562,440.0
978.6475,304.0
979.039,310.0
979.4306,394.0
979.8224,233.0
980.2143,368.0
980.6064,286.0
980.99866,303.0
981.39105,353.0
981.7836,214.0
982.17633,429.0
982.5692,266.0
982.9622,294.0
983.3554,373.0
983.7488,224.0
984.1423,426.0
984.53595,311.0
984.92975,291.0
985.3237,406.0
985.71783,210.0
986.1121,502.0
986.5066,332.0
986.9012,335.0
987.29596,409.0
987.69086,207.0
988.08594,404.0
988.4812,317.0
988.8766,220.0
989.27216,360.0
989.66785,243.0
990.0637,431.0
990.4597,323.0
990.8559,311.0
991.25226,458.0
991.64874,257.0
992.0454,555.0
992.4422,432.0
992.8392,284.0
993.2363,415.0
993.6336,266.0
994.03107,355.0
994.42865,369.0
994.8264,215.0
995.22437,369.0
995.62244,289.0
996.0207,335.0
996.4191,384.0
996.8177,214.0
997.21643,440.0
997.6153,340.0
998.01434,337.0
998.4136,389.0
998.8129,197.0
999.21246,379.0
999.6121,311.0
1000.01196,352.0
1000.412,413.0
1000.81213,212.0
1001.21246,381.0
1001.613,299.0
1002.0136,338.0
1002.4144,383.0
1002.81537,184.0
1003.2165,358.0
1003.6178,272.0
1004.0192,345.0
1004.42084,336.0
1004.82263,203.0
1005.22455,398.0
1005.62665,286.0
1006.0289,600.0
1006.4313,332.0
1006.83386,317.0
1007.2366,441.0
1007.63947,255.0
1008.04254,526.0
1008.44574,354.0
1008.8491,300.0
1009.2527,411.0
1009.6564,301.0
1010.06024,390.0
1010.4643,337.0
1010.86847,223.0
1011.2728,397.0
1011.6773,245.0
1012.082,532.0
1012.4868,333.0
1012.8918,401.0
1013.29694,460.0
1013.7023,321.0
1014.1077,893.0
1014.51337,367.0
1014.9192,570.0
1015.32513,422.0
1015.73126,270.0
1016.1376,470.0
1016.544,341.0
1016.9506,307.0
1017.3574,413.0
1017.76434,215.0
1018.17145,345.0
1018.57874,282.0
1018.98615,245.0
1019.39374,430.0
1019.8015,227.0
1020.2094,344.0
1020.6175,251.0
1021.02576,272.0
1021.43414,647.0
1021.8427,292.0
1022.25146,449.0
1022.66034,374.0
1023.0694,318.0
1023.47864,408.0
1023.888,272.0
1024.2976,390.0
1024.7073,230.0
1025.1172,349.0
1025.5272,354.0
1025.9374,280.0
1026.3478,366.0
1026.7583,223.0
1027.169,344.0
1027.5798,306.0
1027.9908,1053.0
1028.4021,412.0
1028.8135,508.0
1029.225,574.0
1029.6367,353.0
1030.0486,834.0
1030.4606,348.0
1030.8728,483.0
1031.2852,383.0
1031.6976,238.0
1032.1104,420.0
1032.5232,300.0
1032.9362,284.0
1033.3494,380.0
1033.7627,682.0
1034.1761,1068.0
1034.5898,295.0
1035.0037,1084.0
1035.4177,421.0
1035.8319,832.0
1036.2462,475.0
1036.6608,312.0
1037.0754,613.0
1037.4902,388.0
1037.9053,383.0
1038.3204,413.0
1038.7357,228.0
1039.1512,341.0
1039.5669,332.0
1039.9827,258.0
1040.3987,383.0
1040.8148,190.0
1041.2312,339.0
1041.6477,233.0
1042.0643,293.0
1042.4812,295.0
1042.8982,228.0
1043.3153,426.0
1043.7327,410.0
1044.1501,540.0
1044.5677,366.0
1044.9856,456.0
1045.4036,364.0
1045.8218,333.0
1046.2401,397.0
1046.6586,270.0
1047.0773,333.0
1047.4961,324.0
1047.915,262.0
1048.3342,401.0
1048.7535,233.0
1049.1731,362.0
1049.5928,488.0
1050.0126,3378.0
1050.4326,449.0
1050.8528,2218.0
1051.2731,580.0
1051.6936,488.0
1052.1143,1272.0
1052.5352,351.0
1052.9562,701.0
1053.3773,410.0
1053.7987,416.0
1054.2202,352.0
1054.6418,311.0
1055.0637,383.0
1055.4857,322.0
1055.908,377.0
1056.3303,405.0
1056.7528,269.0
1057.1755,404.0
1057.5984,346.0
1058.0215,355.0
1058.4447,358.0
1058.868,298.0
1059.2916,342.0
1059.7153,282.0
1060.1392,382.0
1060.5632,430.0
1060.9874,331.0
1061.4119,446.0
1061.8364,258.0
1062.2611,351.0
1062.686,247.0
1063.1111,309.0
1063.5364,342.0
1063.9618,278.0
1064.3873,351.0
1064.8131,230.0
1065.239,397.0
1065.6652,793.0
1066.0914,1726.0
1066.5178,466.0
1066.9445,1282.0
1067.3712,447.0
1067.7982,653.0
1068.2253,444.0
1068.6526,283.0
1069.0801,428.0
1069.5077,368.0
1069.9355,387.0
1070.3635,406.0
1070.7916,275.0
1071.22,391.0
1071.6484,403.0
1072.0771,686.0
1072.506,378.0
1072.9349,478.0
1073.3641,409.0
1073.7935,419.0
1074.223,418.0
1074.6527,292.0
1075.0825,361.0
1075.5126,332.0
1075.9427,324.0
1076.3732,365.0
1076.8037,225.0
1077.2344,369.0
1077.6653,231.0
1078.0963,462.0
1078.5276,312.0
1078.959,388.0
1079.3906,372.0
1079.8224,319.0
1080.2543,324.0
1080.6864,258.0
1081.1187,332.0
1081.5511,302.0
1081.9838,535.0
1082.4165,312.0
1082.8495,366.0
1083.2826,375.0
1083.716,253.0
1084.1494,379.0
1084.5831,303.0
1085.017,319.0
1085.4509,357.0
1085.8851,268.0
1086.3195,382.0
1086.754,234.0
1087.1887,343.0
1087.6235,315.0
1088.0586,429.0
1088.4938,314.0
1088.9292,368.0
1089.3647,362.0
1089.8005,281.0
1090.2365,364.0
1090.6725,270.0
1091.1088,376.0
1091.5452,347.0
1091.9818,284.0
1092.4186,361.0
1092.8556,251.0
1093.2927,392.0
1093.7301,317.0
1094.1676,362.0
1094.6052,287.0
1095.0431,359.0
1095.4811,371.0
1095.9193,299.0
1096.3577,359.0
1096.7963,259.0
1097.235,318.0
1097.6738,295.0
1098.1129,310.0
1098.5521,291.0
1098.9916,256.0
1099.4312,337.0
1099.871,282.0
1100.3109,369.0
1100.751,250.0
1101.1913,326.0
1101.6317,257.0
1102.0724,275.0
1102.5132,319.0
1102.9542,259.0
1103.3954,370.0
1103.8368,257.0
1104.2783,406.0
1104.72,242.0
1105.1619,311.0
1105.6039,321.0
1106.0461,281.0
1106.4885,336.0
1106.9312,236.0
1107.3739,348.0
1107.8169,252.0
1108.26,368.0
1108.7034,232.0
1109.1469,333.0
1109.5905,385.0
1110.0343,324.0
1110.4783,356.0
1110.9225,275.0
1111.3668,341.0
1111.8114,275.0
1112.2561,299.0
1112.701,242.0
1113.1461,302.0
1113.5914,291.0
1114.0369,262.0
1114.4824,342.0
1114.9282,257.0
1115.3741,340.0
1115.8203,304.0
1116.2666,301.0
1116.7131,273.0
1117.1598,304.0
1117.6067,270.0
1118.0537,279.0
1118.501,305.0
1118.9484,245.0
1119.396,353.0
1119.8438,223.0
1120.2917,346.0
1120.7399,229.0
1121.1881,311.0
1121.6366,266.0
1122.0852,294.0
1122.534,315.0
1122.983,264.0
1123.4323,346.0
1123.8816,232.0
1124.3312,344.0
1124.7809,212.0
1125.2308,321.0
1125.6809,241.0
1126.1312,291.0
1126.5817,285.0
1127.0323,280.0
1127.4832,335.0
1127.9342,243.0
1128.3854,364.0
1128.8367,212.0
1129.2882,304.0
1129.7399,229.0
1130.1918,311.0
1130.6438,273.0
1131.0961,324.0
1131.5485,354.0
1132.0011,258.0
1132.4539,334.0
1132.9069,271.0
1133.36,395.0
1133.8134,230.0
1134.2668,332.0
1134.7206,256.0
1135.1744,344.0
1135.6285,253.0
1136.0828,301.0
1136.5372,299.0
1136.9918,292.0
1137.4467,387.0
1137.9016,241.0
1138.3568,374.0
1138.8121,242.0
1139.2677,332.0
1139.7234,225.0
1140.1793,309.0
1140.6354,260.0
1141.0917,274.0
1141.5481,356.0
1142.0048,245.0
1142.4615,323.0
1142.9186,239.0
1143.3757,332.0
1143.8331,241.0
1144.2906,344.0
1144.7484,239.0
1145.2063,289.0
1145.6644,264.0
1146.1227,267.0
1146.5812,300.0
1147.0398,271.0
1147.4987,266.0
1147.9576,273.0
1148.4169,468.0
1148.8762,270.0
1149.3358,415.0
1149.7955,247.0
1150.2555,359.0
1150.7156,311.0
1151.1759,330.0
1151.6364,301.0
1152.097,305.0
1152.5579,299.0
1153.0189,254.0
1153.4801,413.0
1153.9415,260.0
1154.4031,440.0
1154.8649,257.0
1155.3268,387.0
1155.789,254.0
1156.2512,367.0
1156.7137,286.0
1157.1764,346.0
1157.6393,298.0
1158.1023,266.0
1158.5656,344.0
1159.0289,282.0
1159.4926,358.0
1159.9563,243.0
1160.4203,349.0
1160.8844,247.0
1161.3488,349.0
1161.8134,231.0
1162.2781,321.0
1162.743,206.0
1163.2081,305.0
1163.6735,252.0
1164.1389,261.0
1164.6046,279.0
1165.0704,242.0
1165.5365,326.0
1166.0027,223.0
1166.4691,334.0
1166.9357,248.0
1167.4025,373.0
1167.8694,236.0
1168.3365,392.0
1168.8038,231.0
1169.2714,339.0
1169.739,252.0
1170.2069,326.0
1170.675,300.0
1171.1433,321.0
1171.6118,327.0
1172.0804,296.0
1172.5493,311.0
1173.0183,289.0
1173.4875,401.0
1173.9569,252.0
1174.4265,374.0
1174.8962,245.0
1175.3662,340.0
1175.8363,239.0
1176.3066,349.0
1176.7772,251.0
1177.2479,319.0
1177.7189,269.0
1178.19,315.0
1178.6613,285.0
1179.1327,302.0
1179.6044,297.0
1180.0762,285.0
1180.5482,373.0
1181.0204,357.0
1181.4928,374.0
1181.9655,320.0
1182.4382,410.0
1182.9113,230.0
1183.3844,387.0
1183.8578,218.0
1184.3313,354.0
1184.805,221.0
1185.2789,365.0
1185.753,244.0
1186.2273,314.0
1186.7018,307.0
1187.1765,310.0
1187.6514,282.0
1188.1265,261.0
1188.6017,318.0
1189.0771,274.0
1189.5527,298.0
1190.0286,247.0
1190.5045,308.0
1190.9807,265.0
1191.4572,322.0
1191.9337,232.0
1192.4105,330.0
1192.8875,217.0
1193.3646,348.0
1193.8419,259.0
1194.3195,310.0
1194.7972,298.0
1195.2751,331.0
1195.7533,267.0
1196.2316,398.0
1196.7101,364.0
1197.1887,363.0
1197.6676,386.0
1198.1467,328.0
1198.626,343.0
1199.1055,320.0
1199.5851,326.0
1200.065,243.0
1200.5449,310.0
1201.0251,277.0
1201.5056,283.0
1201.9862,262.0
1202.467,347.0
1202.948,283.0
1203.4292,318.0
1203.9105,270.0
1204.3921,341.0
1204.8739,251.0
1205.3558,357.0
1205.838,224.0
1206.3203,366.0
1206.8029,232.0
1207.2855,353.0
1207.7684,271.0
1208.2516,342.0
1208.7349,281.0
1209.2184,292.0
1209.702,268.0
1210.1859,298.0
1210.67,300.0
1211.1543,292.0
1211.6388,322.0
1212.1234,271.0
1212.6083,322.0
1213.0933,266.0
1213.5785,308.0
1214.064,278.0
1214.5496,299.0
1215.0354,278.0
1215.5214,333.0
1216.0076,238.0
1216.494,305.0
1216.9806,318.0
1217.4674,324.0
1217.9543,296.0
1218.4415,325.0
1218.929,320.0
1219.4165,309.0
1219.9043,279.0
1220.3922,328.0
1220.8804,272.0
1221.3688,339.0
1221.8573,226.0
1222.3461,354.0
1222.835,320.0
1223.3241,354.0
1223.8135,298.0
1224.303,404.0
1224.7927,313.0
1225.2826,378.0
1225.7727,307.0
1226.2631,345.0
1226.7535,293.0
1227.2443,317.0
1227.7351,301.0
1228.2262,308.0
1228.7175,260.0
1229.209,360.0
1229.7007,292.0
1230.1925,290.0
1230.6846,330.0
1231.1769,294.0
1231.6693,281.0
1232.162,283.0
1232.6549,318.0
1233.148,337.0
1233.6412,278.0
1234.1346,282.0
1234.6283,301.0
1235.1222,320.0
1235.6162,280.0
1236.1105,282.0
1236.6049,318.0
1237.0995,294.0
1237.5944,289.0
1238.0894,262.0
1238.5846,293.0
1239.0801,490.0
1239.5757,313.0
1240.0715,421.0
1240.5675,329.0
1241.0637,488.0
1241.5602,352.0
1242.0568,376.0
1242.5536,346.0
1243.0507,340.0
1243.5479,340.0
1244.0453,270.0
1244.5428,333.0
1245.0406,325.0
1245.5387,308.0
1246.0369,329.0
1246.5353,486.0
1247.0339,330.0
1247.5327,394.0
1248.0317,258.0
1248.531,375.0
1249.0304,285.0
1249.53,388.0
1250.0298,260.0
1250.5298,318.0
1251.03,277.0
1251.5304,329.0
1252.031,247.0
1252.5319,299.0
1253.0328,286.0
1253.534,293.0
1254.0355,255.0
1254.5371,311.0
1255.039,550.0
1255.541,333.0
1256.0432,431.0
1256.5457,312.0
1257.0482,399.0
1257.551,318.0
1258.0541,278.0
1258.5573,321.0
1259.0607,286.0
1259.5643,324.0
1260.0681,264.0
1260.5721,341.0
1261.0764,583.0
1261.5808,362.0
1262.0854,529.0
1262.5903,348.0
1263.0953,508.0
1263.6006,331.0
1264.1061,382.0
1264.6117,313.0
1265.1176,308.0
1265.6237,311.0
1266.1299,287.0
1266.6364,321.0
1267.1431,321.0
1267.6499,307.0
1268.157,312.0
1268.6642,318.0
1269.1716,282.0
1269.6793,329.0
1270.1871,287.0
1270.6952,357.0
1271.2035,306.0
1271.7119,355.0
1272.2206,325.0
1272.7295,322.0
1273.2385,304.0
1273.7478,266.0
1274.2573,271.0
1274.767,290.0
1275.2769,308.0
1275.787,268.0
1276.2972,322.0
1276.8077,611.0
1277.3185,357.0
1277.8295,551.0
1278.3406,319.0
1278.8519,439.0
1279.3635,291.0
1279.8752,336.0
1280.3872,321.0
1280.8994,301.0
1281.4117,336.0
1281.9243,268.0
1282.4371,341.0
1282.9501,377.0
1283.4633,338.0
1283.9767,315.0
1284.4902,338.0
1285.004,352.0
1285.5181,400.0
1286.0322,302.0
1286.5466,309.0
1287.0613,292.0
1287.576,289.0
1288.0911,289.0
1288.6063,347.0
1289.1218,381.0
1289.6375,341.0
1290.1533,310.0
1290.6694,328.0
1291.1857,315.0
1291.7021,266.0
1292.2189,272.0
1292.7357,331.0
1293.2528,326.0
1293.7701,313.0
1294.2876,298.0
1294.8053,293.0
1295.3232,327.0
1295.8414,249.0
1296.3597,299.0
1296.8783,273.0
1297.3971,298.0
1297.916,251.0
1298.4352,336.0
1298.9546,308.0
1299.4741,343.0
1299.9939,282.0
1300.5139,337.0
1301.0342,292.0
1301.5546,397.0
1302.0752,267.0
1302.5961,320.0
1303.1171,292.0
1303.6383,297.0
1304.1598,281.0
1304.6814,313.0
1305.2032,310.0
1305.7253,317.0
1306.2477,291.0
1306.7701,323.0
1307.2928,314.0
1307.8158,277.0
1308.3389,271.0
1308.8622,255.0
1309.3857,298.0
1309.9095,237.0
1310.4335,300.0
1310.9576,274.0
1311.482,266.0
1312.0066,260.0
1312.5314,320.0
1313.0564,251.0
1313.5817,299.0
1314.107,238.0
1314.6327,307.0
1315.1586,265.0
1315.6847,291.0
1316.2109,311.0
1316.7374,286.0
1317.2642,295.0
1317.791,277.0
1318.3181,296.0
1318.8455,271.0
1319.373,297.0
1319.9008,220.0
1320.4287,298.0
1320.9569,269.0
1321.4854,305.0
1322.0139,271.0
1322.5427,322.0
1323.0718,226.0
1323.601,307.0
1324.1304,246.0
1324.66,326.0
1325.19,284.0
1325.72,297.0
1326.2502,312.0
1326.7808,267.0
1327.3115,345.0
1327.8424,229.0
1328.3735,312.0
1328.9049,227.0
1329.4365,322.0
1329.9683,244.0
1330.5002,317.0
1331.0325,245.0
1331.565,322.0
1332.0975,219.0
1332.6304,368.0
1333.1635,315.0
1333.6968,326.0
1334.2302,279.0
1334.7639,287.0
1335.2979,270.0
1335.832,223.0
1336.3663,283.0
1336.9009,227.0
1337.4357,292.0
1337.9707,241.0
1338.5059,306.0
1339.0413,247.0
1339.5769,309.0
1340.1128,256.0
1340.6488,281.0
1341.185,277.0
1341.7216,286.0
1342.2583,300.0
1342.7952,265.0
1343.3323,355.0
1343.8696,273.0
1344.4072,326.0
1344.945,218.0
1345.4829,314.0
1346.0211,226.0
1346.5596,296.0
1347.0981,248.0
1347.637,312.0
1348.176,278.0
1348.7153,264.0
1349.2548,301.0
1349.7944,257.0
1350.3344,309.0
1350.8745,235.0
1351.4149,281.0
1351.9554,217.0
1352.4962,318.0
1353.0372,230.0
1353.5785,289.0
1354.1199,241.0
1354.6615,297.0
1355.2034,269.0
1355.7455,272.0
1356.2878,278.0
1356.8303,265.0
1357.373,315.0
1357.916,230.0
1358.4592,287.0
1359.0026,223.0
1359.5461,307.0
1360.09,233.0
1360.634,358.0
1361.1783,277.0
1361.7228,343.0
1362.2675,279.0
1362.8124,248.0
1363.3575,326.0
1363.9028,265.0
1364.4484,318.0
1364.9941,231.0
1365.5402,291.0
1366.0864,230.0
1366.6328,378.0
1367.1794,257.0
1367.7263,286.0
1368.2734,263.0
1368.8208,278.0
1369.3683,305.0
1369.916,227.0
1370.464,328.0
1371.0122,252.0
1371.5607,459.0
1372.1093,265.0
1372.6581,410.0
1373.2072,311.0
1373.7565,352.0
1374.306,378.0
1374.8557,274.0
1375.4056,364.0
1375.9558,231.0
1376.5062,343.0
1377.0569,223.0
1377.6077,298.0
1378.1587,238.0
1378.71,330.0
1379.2615,262.0
1379.8132,254.0
1380.3651,290.0
1380.9172,209.0
1381.4696,306.0
1382.0222,238.0
1382.5751,259.0
1383.128,253.0
1383.6813,349.0
1384.2347,324.0
1384.7885,291.0
1385.3424,320.0
1385.8965,282.0
1386.4508,287.0
1387.0054,223.0
1387.5602,305.0
1388.1152,299.0
1388.6705,336.0
1389.226,273.0
1389.7816,260.0
1390.3375,304.0
1390.8937,257.0
1391.4501,330.0
1392.0067,231.0
1392.5635,309.0
1393.1205,248.0
1393.6777,267.0
1394.2352,305.0
1394.793,244.0
1395.3508,348.0
1395.9089,239.0
1396.4673,335.0
1397.0259,307.0
1397.5847,402.0
1398.1438,273.0
1398.703,342.0
1399.2625,389.0
1399.8221,276.0
1400.3821,398.0
1400.9423,240.0
1401.5027,322.0
1402.0632,241.0
1402.624,279.0
1403.185,259.0
1403.7463,263.0
1404.3079,326.0
1404.8696,250.0
1405.4315,374.0
1405.9937,273.0
1406.556,307.0
1407.1187,275.0
1407.6815,287.0
1408.2446,271.0
1408.808,256.0
1409.3715,291.0
1409.9352,246.0
1410.4991,278.0
1411.0634,253.0
1411.6278,271.0
1412.1925,298.0
1412.7573,286.0
1413.3224,309.0
1413.8877,258.0
1414.4532,299.0
1415.019,238.0
1415.5851,322.0
1416.1514,237.0
1416.7178,291.0
1417.2844,327.0
1417.8513,270.0
1418.4185,360.0
1418.9858,244.0
1419.5535,350.0
1420.1213,248.0
1420.6893,316.0
1421.2576,300.0
1421.826,310.0
1422.3948,387.0
1422.9637,248.0
1423.533,365.0
1424.1024,275.0
1424.672,313.0
1425.2418,312.0
1425.8119,251.0
1426.3822,294.0
1426.9528,245.0
1427.5236,325.0
1428.0946,262.0
1428.6659,304.0
1429.2373,293.0
1429.809,308.0
1430.3809,317.0
1430.953,261.0
1431.5254,353.0
1432.098,257.0
1432.6709,313.0
1433.244,292.0
1433.8173,315.0
1434.3907,298.0
1434.9645,257.0
1435.5385,298.0
1436.1127,251.0
1436.6871,303.0
1437.2618,283.0
1437.8368,301.0
1438.412,338.0
1438.9873,234.0
1439.5629,295.0
1440.1387,226.0
1440.7147,316.0
1441.291,294.0
1441.8676,261.0
1442.4443,304.0
1443.0214,227.0
1443.5985,338.0
1444.1759,297.0
1444.7535,327.0
1445.3314,346.0
1445.9095,306.0
1446.4879,344.0
1447.0665,267.0
1447.6454,338.0
1448.2245,291.0
1448.8038,275.0
1449.3833,326.0
1449.963,318.0
1450.543,335.0
1451.1232,275.0
1451.7036,356.0
1452.2843,284.0
1452.8652,287.0
1453.4464,409.0
1454.0278,304.0
1454.6095,314.0
1455.1913,284.0
1455.7733,375.0
1456.3556,324.0
1456.9381,264.0
1457.5209,299.0
1458.1039,255.0
1458.6871,278.0
1459.2706,269.0
1459.8544,292.0
1460.4384,301.0
1461.0226,246.0
1461.6069,378.0
1462.1915,333.0
1462.7764,394.0
1463.3615,342.0
1463.9468,261.0
1464.5323,338.0
1465.1182,235.0
1465.7042,402.0
1466.2905,299.0
1466.8771,337.0
1467.4639,354.0
1468.0509,296.0
1468.6382,322.0
1469.2256,274.0
1469.8132,319.0
1470.4011,300.0
1470.9893,250.0
1471.5776,331.0
1472.1663,305.0
1472.7551,331.0
1473.3442,299.0
1473.9336,312.0
1474.5232,352.0
1475.113,287.0
1475.7031,340.0
1476.2935,308.0
1476.884,300.0
1477.4747,325.0
1478.0657,280.0
1478.6569,338.0
1479.2483,285.0
1479.84,286.0
1480.4319,297.0
1481.024,257.0
1481.6165,349.0
1482.2091,333.0
1482.802,362.0
1483.3951,324.0
1483.9885,282.0
1484.5822,294.0
1485.176,271.0
1485.7701,277.0
1486.3645,294.0
1486.9591,226.0
1487.5538,324.0
1488.1488,298.0
1488.744,359.0
1489.3395,315.0
1489.9352,295.0
1490.5311,322.0
1491.1273,259.0
1491.7238,306.0
1492.3204,274.0
1492.9174,265.0
1493.5145,342.0
1494.1119,264.0
1494.7096,323.0
1495.3075,309.0
1495.9056,349.0
1496.504,401.0
1497.1027,273.0
1497.7015,350.0
1498.3007,268.0
1498.9,259.0
1499.4996,246.0
1500.0995,279.0
1500.6996,279.0
1501.2998,267.0
1501.9003,266.0
1502.501,290.0
1503.1019,200.0
1503.7031,330.0
1504.3046,244.0
1504.9062,261.0
1505.5082,316.0
1506.1104,266.0
1506.7128,318.0
1507.3154,289.0
1507.9183,239.0
1508.5215,330.0
1509.1249,237.0
1509.7285,334.0
1510.3324,277.0
1510.9365,268.0
1511.5409,305.0
1512.1455,264.0
1512.7504,794.0
1513.3555,472.0
1513.9608,493.0
1514.5664,500.0
1515.1722,265.0
1515.7783,392.0
1516.3846,278.0
1516.9912,258.0
1517.598,315.0
1518.2051,259.0
1518.8124,296.0
1519.4199,334.0
1520.0277,257.0
1520.6357,281.0
1521.244,261.0
1521.8525,280.0
1522.4613,266.0
1523.0703,246.0
1523.6796,266.0
1524.2891,273.0
1524.8988,234.0
1525.5088,364.0
1526.119,256.0
1526.7295,283.0
1527.3402,282.0
1527.9512,254.0
1528.5624,286.0
1529.1738,253.0
1529.7855,273.0
1530.3975,276.0
1531.0096,231.0
1531.6221,302.0
1532.2347,220.0
1532.8477,265.0
1533.4608,268.0
1534.0742,244.0
1534.6879,357.0
1535.3018,277.0
1535.9159,247.0
1536.5303,292.0
1537.1449,237.0
1537.7598,305.0
1538.3749,286.0
1538.9902,264.0
1539.6058,315.0
1540.2217,222.0
1540.8378,243.0
1541.4541,292.0
1542.0707,235.0
1542.6875,267.0
1543.3046,270.0
1543.9219,258.0
1544.5394,297.0
1545.1572,241.0
1545.7753,285.0
1546.3936,298.0
1547.0121,254.0
1547.6309,293.0
1548.2499,256.0
1548.8691,236.0
1549.4886,282.0
1550.1084,239.0
1550.7284,298.0
1551.3486,310.0
1551.9691,262.0
1552.5898,345.0
1553.2109,260.0
1553.8323,266.0
1554.4539,284.0
1555.0757,232.0
1555.6978,281.0
1556.3201,279.0
1556.9426,264.0
1557.5654,263.0
1558.1885,270.0
1558.8118,293.0
1559.4353,292.0
1560.0591,260.0
1560.6831,285.0
1561.3074,287.0
1561.9319,283.0
1562.5566,365.0
1563.1816,248.0
1563.8069,350.0
1564.4324,297.0
1565.0581,238.0
1565.6841,317.0
1566.3103,230.0
1566.9368,258.0
1567.5636,283.0
1568.1907,236.0
1568.818,282.0
1569.4456,354.0
1570.0734,251.0
1570.7014,333.0
1571.3297,273.0
1571.9583,267.0
1572.587,288.0
1573.2161,256.0
1573.8453,262.0
1574.4749,290.0
1575.1046,203.0
1575.7346,266.0
1576.3649,271.0
1576.9954,226.0
1577.6261,283.0
1578.2572,252.0
1578.8885,277.0
1579.5201,284.0
1580.152,232.0
1580.784,302.0
1581.4164,254.0
1582.049,230.0
1582.6818,276.0
1583.3148,262.0
1583.9481,262.0
1584.5817,274.0
1585.2155,249.0
1585.8495,271.0
1586.4839,291.0
1587.1185,230.0
1587.7534,299.0
1588.3885,296.0
1589.0239,242.0
1589.6595,277.0
1590.2954,244.0
1590.9315,231.0
1591.5679,270.0
1592.2045,234.0
1592.8413,226.0
1593.4784,243.0
1594.1158,215.0
1594.7535,284.0
1595.3915,253.0
1596.0297,246.0
1596.6681,298.0
1597.3068,262.0
1597.9457,255.0
1598.5848,287.0
1599.2242,279.0
1599.8639,204.0
1600.5038,291.0
1601.144,230.0
1601.7845,286.0
1602.4253,302.0
1603.0663,245.0
1603.7075,318.0
1604.349,265.0
1604.9907,228.0
1605.6327,285.0
1606.2749,257.0
1606.9174,247.0
1607.5602,275.0
1608.2032,216.0
1608.8466,259.0
1609.4901,267.0
1610.1339,213.0
1610.778,265.0
1611.4222,265.0
1612.0668,235.0
1612.7115,269.0
1613.3567,259.0
1614.0021,233.0
1614.6477,311.0
1615.2936,240.0
1615.9397,222.0
1616.586,273.0
1617.2327,238.0
1617.8795,251.0
1618.5266,281.0
1619.1741,242.0
1619.8218,267.0
1620.4697,276.0
1621.1179,237.0
1621.7664,311.0
1622.415,300.0
1623.064,235.0
1623.7131,303.0
1624.3627,287.0
1625.0125,262.0
1625.6625,251.0
1626.3127,264.0
1626.9633,253.0
1627.614,286.0
1628.265,260.0
1628.9163,243.0
1629.5679,290.0
1630.2197,255.0
1630.8718,298.0
1631.5242,277.0
1632.1768,197.0
1632.8296,289.0
1633.4827,251.0
1634.1361,237.0
1634.7898,241.0
1635.4437,269.0
1636.0979,220.0
1636.7523,273.0
1637.407,261.0
1638.0619,199.0
1638.7172,284.0
1639.3727,275.0
1640.0284,261.0
1640.6844,359.0
1641.3407,275.0
1641.9972,269.0
1642.6539,309.0
1643.311,215.0
1643.9684,265.0
1644.626,408.0
1645.2838,361.0
1645.9419,298.0
1646.6002,371.0
1647.2589,298.0
1647.9178,329.0
1648.577,306.0
1649.2365,242.0
1649.8961,252.0
1650.556,304.0
1651.2163,230.0
1651.8768,268.0
1652.5376,249.0
1653.1986,255.0
1653.8599,263.0
1654.5214,289.0
1655.1832,238.0
1655.8453,286.0
1656.5077,289.0
1657.1703,232.0
1657.8331,324.0
1658.4962,262.0
1659.1597,233.0
1659.8234,259.0
1660.4873,271.0
1661.1515,233.0
1661.8159,272.0
1662.4806,270.0
1663.1456,250.0
1663.8109,299.0
1664.4764,273.0
1665.1422,244.0
1665.8082,319.0
1666.4746,319.0
1667.1412,229.0
1667.8081,293.0
1668.4752,285.0
1669.1426,235.0
1669.8102,258.0
1670.4781,282.0
1671.1464,250.0
1671.8148,258.0
1672.4835,268.0
1673.1525,255.0
1673.8218,323.0
1674.4913,287.0
1675.1611,240.0
1675.8312,247.0
1676.5015,289.0
1677.1721,244.0
1677.843,240.0
1678.5142,253.0
1679.1855,256.0
1679.8572,281.0
1680.5292,273.0
1681.2014,242.0
1681.8739,284.0
1682.5466,323.0
1683.2196,259.0
1683.893,292.0
1684.5665,330.0
1685.2404,246.0
1685.9144,304.0
1686.5887,311.0
1687.2634,224.0
1687.9384,241.0
1688.6135,267.0
1689.289,249.0
1689.9646,240.0
1690.6406,284.0
1691.3169,235.0
1691.9934,234.0
1692.6702,285.0
1693.3473,257.0
1694.0247,246.0
1694.7023,310.0
1695.3801,248.0
1696.0582,238.0
1696.7367,284.0
1697.4154,242.0
1698.0944,249.0
1698.7736,285.0
1699.4531,331.0
1700.1329,254.0
1700.813,360.0
1701.4933,321.0
1702.1738,233.0
1702.8547,283.0
1703.5359,277.0
1704.2173,248.0
1704.8989,278.0
1705.5809,304.0
1706.2632,231.0
1706.9457,238.0
1707.6284,275.0
1708.3115,246.0
1708.9949,258.0
1709.6785,288.0
1710.3623,242.0
1711.0465,246.0
1711.731,262.0
1712.4156,265.0
1713.1006,238.0
1713.7858,270.0
1714.4713,305.0
1715.1571,212.0
1715.8431,272.0
1716.5294,285.0
1717.2161,225.0
1717.903,244.0
1718.5901,241.0
1719.2775,195.0
1719.9652,230.0
1720.6532,254.0
1721.3414,244.0
1722.0299,285.0
1722.7188,321.0
1723.4078,263.0
1724.0972,193.0
1724.7869,297.0
1725.4768,257.0
1726.167,258.0
1726.8574,297.0
1727.5482,285.0
1728.2393,267.0
1728.9305,279.0
1729.6221,254.0
1730.314,256.0
1731.0061,213.0
1731.6985,275.0
1732.3911,236.0
1733.0841,235.0
1733.7773,255.0
1734.4708,249.0
1735.1647,227.0
1735.8588,239.0
1736.5531,251.0
1737.2477,220.0
1737.9426,257.0
1738.6378,247.0
1739.3333,250.0
1740.0289,245.0
1740.725,274.0
1741.4213,233.0
1742.1178,206.0
1742.8147,249.0
1743.5118,249.0
1744.2092,237.0
1744.9069,239.0
1745.6049,270.0
1746.3031,223.0
1747.0016,234.0
1747.7004,269.0
1748.3995,249.0
1749.0989,217.0
1749.7985,268.0
1750.4984,275.0
1751.1986,224.0
1751.899,251.0
1752.5999,237.0
1753.3009,253.0
1754.0022,248.0
1754.7039,281.0
1755.4058,272.0
1756.1079,212.0
1756.8103,222.0
1757.5131,280.0
1758.2161,231.0
1758.9193,240.0
1759.6229,280.0
1760.3268,241.0
1761.0309,227.0
1761.7354,282.0
1762.4401,229.0
1763.145,226.0
1763.8502,261.0
1764.5558,287.0
1765.2616,251.0
1765.9677,243.0
1766.6741,244.0
1767.3807,257.0
1768.0876,221.0
1768.7949,279.0
1769.5024,279.0
1770.2102,193.0
1770.9183,265.0
1771.6267,324.0
1772.3353,242.0
1773.0443,248.0
1773.7535,265.0
1774.463,240.0
1775.1729,219.0
1775.8829,245.0
1776.5933,254.0
1777.304,228.0
1778.0149,238.0
1778.7261,249.0
1779.4376,248.0
1780.1494,212.0
1780.8615,271.0
1781.5739,249.0
1782.2865,216.0
1782.9994,209.0
1783.7126,269.0
1784.4261,255.0
1785.1399,221.0
1785.854,255.0
1786.5684,286.0
1787.283,231.0
1787.9979,250.0
1788.7131,289.0
1789.4286,252.0
1790.1444,233.0
1790.8605,248.0
1791.5768,238.0
1792.2935,211.0
1793.0104,223.0
1793.7275,306.0
1794.4451,258.0
1795.1628,201.0
1795.8809,261.0
1796.5992,270.0
1797.3179,239.0
1798.0367,237.0
1798.756,287.0
1799.4755,269.0
1800.1953,225.0
1800.9154,222.0
1801.6357,273.0
1802.3564,214.0
1803.0774,239.0
1803.7986,260.0
1804.5201,235.0
1805.242,248.0
1805.964,289.0
1806.6864,293.0
1807.409,241.0
1808.1321,225.0
1808.8553,266.0
1809.5789,265.0
1810.3027,223.0
1811.0269,296.0
1811.7512,298.0
1812.476,263.0
1813.2009,227.0
1813.9261,286.0
1814.6517,298.0
1815.3776,261.0
1816.1038,258.0
1816.8302,290.0
1817.5569,279.0
1818.2839,228.0
1819.0112,253.0
1819.7389,271.0
1820.4668,281.0
1821.195,173.0
1821.9235,274.0
1822.6522,268.0
1823.3812,285.0
1824.1106,234.0
1824.8402,270.0
1825.5702,246.0
1826.3004,235.0
1827.0309,245.0
1827.7617,343.0
1828.4928,297.0
1829.2242,262.0
1829.9559,254.0
1830.6879,280.0
1831.4202,236.0
1832.1527,247.0
1832.8856,286.0
1833.6188,289.0
1834.3522,260.0
1835.0859,205.0
1835.82,271.0
1836.5543,290.0
1837.289,266.0
1838.0238,278.0
1838.759,297.0
1839.4945,283.0
1840.2303,213.0
1840.9664,306.0
1841.7028,300.0
1842.4395,262.0
1843.1764,245.0
1843.9137,277.0
1844.6512,295.0
1845.3892,232.0
1846.1273,220.0
1846.8657,262.0
1847.6045,244.0
1848.3435,223.0
1849.0829,235.0
1849.8225,285.0
1850.5624,258.0
1851.3026,226.0
1852.0431,265.0
1852.7839,291.0
1853.525,269.0
1854.2665,214.0
1855.0082,286.0
1855.7501,290.0
1856.4924,285.0
1857.235,232.0
1857.9779,384.0
1858.7211,373.0
1859.4646,275.0
1860.2084,250.0
1860.9525,340.0
1861.6969,284.0
1862.4415,276.0
1863.1865,229.0
1863.9318,265.0
1864.6774,293.0
1865.4232,242.0
1866.1694,241.0
1866.9159,283.0
1867.6627,340.0
1868.4098,286.0
1869.1571,289.0
1869.9048,314.0
1870.6527,285.0
1871.401,257.0
1872.1495,243.0
1872.8984,278.0
1873.6476,284.0
1874.3971,228.0
1875.1469,247.0
1875.8969,414.0
1876.6472,440.0
1877.3978,325.0
1878.1488,267.0
1878.9,264.0
1879.6516,277.0
1880.4034,232.0
1881.1556,213.0
1881.9081,277.0
1882.6609,311.0
1883.414,265.0
1884.1674,306.0
1884.921,800.0
1885.675,884.0
1886.4293,511.0
1887.1838,403.0
1887.9387,456.0
1888.6938,334.0
1889.4493,286.0
1890.2051,268.0
1890.9612,287.0
1891.7175,277.0
1892.4742,291.0
1893.2312,227.0
1893.9885,300.0
1894.7461,294.0
1895.504,296.0
1896.2622,248.0
1897.0208,322.0
1897.7795,321.0
1898.5387,314.0
1899.2981,230.0
1900.0579,268.0
1900.8179,280.0
1901.5782,260.0
1902.3389,262.0
1903.0999,226.0
1903.8611,272.0
1904.6227,270.0
1905.3845,233.0
1906.1467,246.0
1906.9092,297.0
1907.672,275.0
1908.435,274.0
1909.1985,225.0
1909.9622,259.0
1910.7262,300.0
1911.4905,363.0
1912.2551,300.0
1913.02,310.0
1913.7853,678.0
1914.5508,534.0
1915.3167,444.0
1916.0828,471.0
1916.8492,364.0
1917.616,314.0
1918.383,259.0
1919.1504,254.0
1919.9181,277.0
1920.686,309.0
1921.4543,268.0
1922.2229,259.0
1922.9918,289.0
1923.761,310.0
1924.5305,285.0
1925.3003,254.0
1926.0704,252.0
1926.8408,255.0
1927.6116,269.0
1928.3826,248.0
1929.1539,212.0
1929.9255,250.0
1930.6975,271.0
1931.4698,260.0
1932.2424,253.0
1933.0154,237.0
1933.7886,303.0
1934.5621,236.0
1935.3359,266.0
1936.1101,271.0
1936.8845,298.0
1937.6593,322.0
1938.4343,286.0
1939.2097,257.0
1939.9854,281.0
1940.7614,280.0
1941.5376,254.0
1942.3142,239.0
1943.0912,237.0
1943.8684,273.0
1944.646,257.0
1945.4238,270.0
1946.202,231.0
1946.9805,265.0
1947.7593,309.0
1948.5383,294.0
1949.3177,276.0
1950.0975,346.0
1950.8776,303.0
1951.658,253.0
1952.4386,269.0
1953.2196,234.0
1954.0009,251.0
1954.7825,271.0
1955.5643,244.0
1956.3466,235.0
1957.1292,237.0
1957.912,265.0
1958.6952,273.0
1959.4786,259.0
1960.2625,252.0
1961.0465,210.0
1961.8309,285.0
1962.6157,259.0
1963.4008,256.0
1964.1862,257.0
1964.9718,239.0
1965.7578,287.0
1966.5441,277.0
1967.3307,234.0
1968.1177,275.0
1968.9049,286.0
1969.6925,315.0
1970.4803,298.0
1971.2686,288.0
1972.057,252.0
1972.8458,283.0
1973.635,260.0
1974.4244,240.0
1975.2142,258.0
1976.0043,284.0
1976.7947,299.0
1977.5854,250.0
1978.3765,261.0
1979.1678,278.0
1979.9595,271.0
1980.7515,253.0
1981.5438,259.0
1982.3364,232.0
1983.1294,285.0
1983.9226,270.0
1984.7162,288.0
1985.5101,284.0
1986.3043,236.0
1987.0989,266.0
1987.8937,281.0
1988.6888,251.0
1989.4844,255.0
1990.2802,221.0
1991.0763,276.0
1991.8727,303.0
1992.6694,337.0
1993.4666,296.0
1994.2639,302.0
1995.0616,329.0
1995.8596,279.0
1996.658,288.0
1997.4567,273.0
1998.2556,252.0
1999.0549,273.0
1999.8546,266.0
2000.6545,299.0
2001.4548,247.0
2002.2554,243.0
2003.0563,257.0
2003.8575,268.0
2004.659,278.0
2005.4609,266.0
2006.2631,251.0
2007.0656,264.0
2007.8684,279.0
2008.6715,317.0
2009.475,349.0
2010.2788,344.0
2011.0829,323.0
2011.8873,397.0
2012.6921,371.0
2013.4972,320.0
2014.3026,295.0
2015.1083,277.0
2015.9143,280.0
2016.7207,295.0
2017.5273,270.0
2018.3344,221.0
2019.1417,246.0
2019.9493,285.0
2020.7573,279.0
2021.5657,310.0
2022.3743,249.0
2023.1832,285.0
2023.9926,237.0
2024.8021,276.0
2025.612,314.0
2026.4224,311.0
2027.2329,301.0
2028.0438,305.0
2028.855,342.0
2029.6665,306.0
2030.4784,296.0
2031.2905,269.0
2032.103,274.0
2032.9159,266.0
2033.729,243.0
2034.5425,325.0
2035.3563,299.0
2036.1704,274.0
2036.9849,296.0
2037.7997,291.0
2038.6147,283.0
2039.4302,288.0
2040.246,257.0
2041.062,262.0
2041.8784,273.0
2042.6952,292.0
2043.5123,261.0
2044.3297,259.0
2045.1475,305.0
2045.9656,294.0
2046.7839,276.0
2047.6027,272.0
2048.4216,251.0
2049.241,239.0
2050.0605,283.0
2050.8806,262.0
2051.701,328.0
2052.5217,266.0
2053.3428,293.0
2054.164,296.0
2054.9858,320.0
2055.8079,287.0
2056.6301,302.0
2057.453,275.0
2058.276,223.0
2059.099,254.0
2059.9229,289.0
2060.7468,254.0
2061.571,265.0
2062.3958,237.0
2063.2207,247.0
2064.046,260.0
2064.8716,292.0
2065.6975,263.0
2066.5237,272.0
2067.3503,262.0
2068.1772,258.0
2069.0046,289.0
2069.8323,270.0
2070.6602,271.0
2071.4885,269.0
2072.3171,227.0
2073.146,205.0
2073.9753,278.0
2074.805,279.0
2075.6348,267.0
2076.465,287.0
2077.2957,228.0
2078.1265,236.0
2078.9578,289.0
2079.7893,300.0
2080.6213,287.0
2081.4536,248.0
2082.2861,262.0
2083.1191,302.0
2083.9524,326.0
2084.786,306.0
2085.6199,289.0
2086.454,273.0
2087.2886,230.0
2088.1235,275.0
2088.9587,273.0
2089.7944,252.0
2090.6304,298.0
2091.4666,248.0
2092.3032,228.0
2093.1401,268.0
2093.9773,266.0
2094.815,262.0
2095.6528,277.0
2096.4912,246.0
2097.3298,238.0
2098.1687,273.0
2099.008,277.0
2099.8477,264.0
2100.6875,273.0
2101.5278,274.0
2102.3684,240.0
2103.2095,260.0
2104.0508,305.0
2104.8923,305.0
2105.7344,322.0
2106.5767,294.0
2107.4192,269.0
2108.2622,246.0
2109.1055,284.0
2109.9492,262.0
2110.7932,280.0
2111.6375,276.0
2112.4822,279.0
2113.3271,254.0
2114.1724,309.0
2115.018,295.0
2115.864,252.0
2116.7104,256.0
2117.5571,244.0
2118.404,240.0
2119.2515,233.0
2120.099,268.0
2120.9473,245.0
2121.7957,241.0
2122.6443,261.0
2123.4934,271.0
2124.3428,280.0
2125.1926,279.0
2126.0427,258.0
2126.893,292.0
2127.744,247.0
2128.595,269.0
2129.4463,278.0
2130.298,241.0
2131.1501,265.0
2132.0027,274.0
2132.8555,284.0
2133.7085,280.0
2134.562,226.0
2135.4158,252.0
2136.27,259.0
2137.1245,277.0
2137.9792,290.0
2138.8345,305.0
2139.69,271.0
2140.546,285.0
2141.402,263.0
2142.2585,304.0
2143.1155,349.0
2143.9727,308.0
2144.8303,302.0
2145.6882,295.0
2146.5464,279.0
2147.405,240.0
2148.264,261.0
2149.1233,266.0
2149.983,279.0
2150.843,279.0
2151.7034,262.0
2152.564,276.0
2153.425,291.0
2154.2864,283.0
2155.1482,273.0
2156.0103,281.0
2156.8726,328.0
2157.7354,310.0
2158.5984,265.0
2159.462,281.0
2160.3257,286.0
2161.1897,267.0
2162.0542,306.0
2162.919,286.0
2163.7842,291.0
2164.6497,296.0
2165.5156,251.0
2166.3818,259.0
2167.2483,269.0
2168.1152,324.0
2168.9824,297.0
2169.85,297.0
2170.718,335.0
2171.5864,310.0
2172.455,271.0
2173.324,268.0
2174.1934,239.0
2175.063,277.0
2175.933,255.0
2176.8035,292.0
2177.674,284.0
2178.5452,311.0
2179.4165,297.0
2180.2883,296.0
2181.1604,286.0
2182.033,300.0
2182.9058,289.0
2183.7788,269.0
2184.6523,272.0
2185.5261,311.0
2186.4004,297.0
2187.275,271.0
2188.15,267.0
2189.0251,275.0
2189.9006,335.0
2190.7766,302.0
2191.6528,318.0
2192.5295,299.0
2193.4065,259.0
2194.284,315.0
2195.1616,331.0
2196.0398,369.0
2196.9182,340.0
2197.7969,330.0
2198.676,339.0
2199.5554,299.0
2200.4353,272.0
2201.3154,296.0
2202.196,288.0
2203.077,299.0
2203.9583,311.0
2204.8398,306.0
2205.7217,279.0
2206.604,285.0
2207.4866,283.0
2208.3696,272.0
2209.253,254.0
2210.1367,276.0
2211.0208,331.0
2211.9053,309.0
2212.79,310.0
2213.675,325.0
2214.5605,299.0
2215.4463,317.0
2216.3325,347.0
2217.219,307.0
2218.106,311.0
2218.9932,317.0
2219.8809,320.0
2220.7688,304.0
2221.6572,270.0
2222.546,289.0
2223.4348,268.0
2224.3242,285.0
2225.2139,301.0
2226.104,304.0
2226.9944,310.0
2227.8853,303.0
2228.7764,298.0
2229.668,308.0
2230.5598,318.0
2231.4521,315.0
2232.3447,319.0
2233.2375,317.0
2234.1309,378.0
2235.0244,338.0
2235.9185,348.0
2236.8127,308.0
2237.7075,343.0
2238.6025,322.0
2239.498,318.0
2240.3938,302.0
2241.29,321.0
2242.1865,331.0
2243.0835,322.0
2243.9807,347.0
2244.8784,364.0
2245.7764,308.0
2246.6746,334.0
2247.5732,300.0
2248.4722,297.0
2249.3716,336.0
2250.2712,350.0
2251.1714,369.0
2252.0718,341.0
2252.9727,322.0
2253.8738,329.0
2254.7754,314.0
2255.6772,327.0
2256.5796,335.0
2257.4822,323.0
2258.3853,352.0
2259.2886,383.0
2260.1924,362.0
2261.0964,392.0
2262.001,363.0
2262.9058,394.0
2263.811,383.0
2264.7166,326.0
2265.6226,340.0
2266.5288,354.0
2267.4353,346.0
2268.3423,309.0
2269.2495,333.0
2270.1572,345.0
2271.0652,363.0
2271.9736,357.0
2272.8823,338.0
2273.7915,362.0
2274.701,337.0
2275.6108,487.0
2276.521,511.0
2277.4316,447.0
2278.3425,431.0
2279.254,397.0
2280.1655,363.0
2281.0776,364.0
2281.99,364.0
2282.9028,354.0
2283.816,365.0
2284.7295,385.0
2285.6433,378.0
2286.5576,359.0
2287.4722,370.0
2288.3872,343.0
2289.3025,340.0
2290.2183,342.0
2291.1343,319.0
2292.0508,339.0
2292.9675,419.0
2293.8848,413.0
2294.8022,398.0
2295.7202,374.0
2296.6384,381.0
2297.5571,385.0
2298.476,422.0
2299.3955,362.0
2300.3152,363.0
2301.2354,349.0
2302.1558,386.0
2303.0767,426.0
2303.9978,397.0
2304.9194,371.0
2305.8413,340.0
2306.7637,349.0
2307.6863,349.0
2308.6094,360.0
2309.5327,344.0
2310.4565,341.0
2311.3806,382.0
2312.3052,352.0
2313.23,380.0
2314.1553,389.0
2315.081,364.0
2316.007,344.0
2316.9336,372.0
2317.8604,333.0
2318.7876,413.0
2319.715,475.0
2320.643,433.0
2321.5713,373.0
2322.5,384.0
2323.429,426.0
2324.3584,322.0
2325.288,402.0
2326.2183,412.0
2327.1487,364.0
2328.0796,379.0
2329.0107,417.0
2329.9424,375.0
2330.8743,350.0
2331.8066,342.0
2332.7393,392.0
2333.6724,323.0
2334.6057,339.0
2335.5396,341.0
2336.4739,353.0
2337.4084,307.0
2338.3435,328.0
2339.2788,359.0
2340.2146,338.0
2341.1506,341.0
2342.0872,330.0
2343.024,342.0
2343.9612,321.0
2344.8987,390.0
2345.8367,422.0
2346.775,432.0
2347.7136,397.0
2348.6526,342.0
2349.592,358.0
2350.532,331.0
2351.4722,359.0
2352.4128,348.0
2353.3538,341.0
2354.2952,323.0
2355.2368,298.0
2356.179,320.0
2357.1213,298.0
2358.0642,296.0
2359.0073,365.0
2359.951,355.0
2360.895,343.0
2361.8394,343.0
2362.7842,356.0
2363.7292,307.0
2364.6748,328.0
2365.6206,311.0
2366.567,339.0
2367.5134,324.0
2368.4604,337.0
2369.4077,329.0
2370.3555,335.0
2371.3037,315.0
2372.2522,360.0
2373.2012,307.0
2374.1504,300.0
2375.1,331.0
2376.05,298.0
2377.0005,328.0
2377.9512,265.0
2378.9023,319.0
2379.854,330.0
2380.806,326.0
2381.7583,276.0
2382.711,288.0
2383.664,282.0
2384.6174,284.0
2385.5713,285.0
2386.5256,327.0
2387.4802,354.0
2388.4353,364.0
2389.3906,394.0
2390.3464,367.0
2391.3025,340.0
2392.259,312.0
2393.2158,265.0
2394.173,306.0
2395.1309,315.0
2396.0889,328.0
2397.0474,310.0
2398.006,321.0
2398.9653,298.0
2399.9248,276.0
2400.8848,306.0
2401.8452,298.0
2402.806,308.0
2403.767,323.0
2404.7285,320.0
2405.6904,306.0
2406.6526,334.0
2407.6152,265.0
2408.5784,294.0
2409.5417,300.0
2410.5056,333.0
2411.4697,316.0
2412.4343,300.0
2413.3994,306.0
2414.3647,315.0
2415.3306,303.0
2416.2966,297.0
2417.2632,294.0
2418.23,302.0
2419.1973,274.0
2420.165,292.0
2421.133,292.0
2422.1016,341.0
2423.0703,357.0
2424.0396,325.0
2425.0093,303.0
2425.9792,278.0
2426.9497,320.0
2427.9204,304.0
2428.8916,290.0
2429.863,267.0
2430.835,342.0
2431.8074,359.0
2432.78,334.0
2433.7532,342.0
2434.7266,293.0
2435.7004,315.0
2436.6748,257.0
2437.6494,278.0
2438.6245,284.0
2439.5999,317.0
2440.5757,300.0
2441.552,297.0
2442.5286,253.0
2443.5056,282.0
2444.483,277.0
2445.4607,261.0
2446.439,274.0
2447.4175,308.0
2448.3965,338.0
2449.3757,351.0
2450.3555,315.0
2451.3357,288.0
2452.3162,285.0
2453.297,305.0
2454.2783,260.0
2455.26,326.0
2456.2422,303.0
2457.2246,315.0
2458.2075,313.0
2459.191,281.0
2460.1746,275.0
2461.1587,286.0
2462.143,287.0
2463.128,306.0
2464.1133,296.0
2465.0989,356.0
2466.085,354.0
2467.0713,338.0
2468.058,322.0
2469.0454,336.0
2470.033,293.0
2471.021,297.0
2472.0095,284.0
2472.9983,291.0
2473.9875,269.0
2474.977,286.0
2475.967,281.0
2476.9575,288.0
2477.9482,285.0
2478.9395,284.0
2479.931,294.0
2480.9229,319.0
2481.9153,330.0
2482.908,315.0
2483.9011,307.0
2484.8948,284.0
2485.8887,279.0
2486.883,326.0
2487.878,276.0
2488.873,288.0
2489.8687,296.0
2490.8645,278.0
2491.8608,273.0
2492.8577,321.0
2493.8547,301.0
2494.8523,299.0
2495.8503,293.0
2496.8486,309.0
2497.8474,319.0
2498.8464,351.0
2499.846,305.0
2500.846,292.0
2501.8462,303.0
2502.847,313.0
2503.8481,273.0
2504.8496,292.0
2505.8516,311.0
2506.854,277.0
2507.8567,272.0
2508.8599,258.0
2509.8635,291.0
2510.8674,293.0
2511.8718,258.0
2512.8765,284.0
2513.8816,249.0
2514.8872,298.0
2515.893,292.0
2516.8994,290.0
2517.9062,275.0
2518.9133,297.0
2519.921,292.0
2520.929,301.0
2521.9373,266.0
2522.946,290.0
2523.9553,284.0
2524.9648,300.0
2525.9749,282.0
2526.9854,265.0
2527.996,291.0
2529.0073,294.0
2530.019,300.0
2531.031,300.0
2532.0435,314.0
2533.0562,321.0
2534.0693,301.0
2535.083,295.0
2536.097,297.0
2537.1113,305.0
2538.1262,296.0
2539.1414,276.0
2540.157,273.0
2541.173,260.0
2542.1895,264.0
2543.2063,325.0
2544.2236,284.0
2545.2412,301.0
2546.2593,330.0
2547.2778,287.0
2548.2966,278.0
2549.316,324.0
2550.3357,350.0
2551.3557,334.0
2552.3762,302.0
2553.3972,291.0
2554.4185,272.0
2555.4402,300.0
2556.4624,292.0
2557.485,260.0
2558.508,279.0
2559.5315,269.0
2560.5554,302.0
2561.5796,303.0
2562.6042,332.0
2563.6294,362.0
2564.6548,342.0
2565.6807,313.0
2566.707,365.0
2567.7336,318.0
2568.7607,328.0
2569.7883,296.0
2570.8162,308.0
2571.8445,310.0
2572.8733,271.0
2573.9023,287.0
2574.932,278.0
2575.962,308.0
2576.9922,324.0
2578.023,300.0
2579.0542,316.0
2580.086,314.0
2581.118,301.0
2582.1504,302.0
2583.1833,295.0
2584.2166,288.0
2585.2502,290.0
2586.2844,298.0
2587.3188,302.0
2588.3538,280.0
2589.3892,303.0
2590.4248,293.0
2591.461,350.0
2592.4976,352.0
2593.5347,372.0
2594.572,350.0
2595.6099,319.0
2596.6482,315.0
2597.6868,309.0
2598.7258,297.0
2599.7654,307.0
2600.8052,275.0
2601.8455,285.0
2602.8862,297.0
2603.9275,311.0
2604.969,274.0
2606.011,300.0
2607.0535,341.0
2608.0962,324.0
2609.1394,361.0
2610.183,365.0
2611.2273,343.0
2612.2717,315.0
2613.3167,347.0
2614.362,289.0
2615.4077,284.0
2616.4539,329.0
2617.5005,321.0
2618.5476,282.0
2619.595,315.0
2620.6428,338.0
2621.6912,356.0
2622.7397,318.0
2623.7888,319.0
2624.8384,296.0
2625.8884,332.0
2626.9387,304.0
2627.9895,304.0
2629.0408,313.0
2630.0923,309.0
2631.1443,308.0
2632.1968,290.0
2633.2498,322.0
2634.303,278.0
2635.3567,308.0
2636.411,308.0
2637.4653,325.0
2638.5203,300.0
2639.5757,310.0
2640.6316,305.0
2641.6877,309.0
2642.7444,284.0
2643.8015,315.0
2644.8591,289.0
2645.917,299.0
2646.9753,349.0
2648.0342,338.0
2649.0935,319.0
2650.153,323.0
2651.2131,314.0
2652.2737,300.0
2653.3345,335.0
2654.3958,298.0
2655.4575,305.0
2656.5198,287.0
2657.5823,297.0
2658.6453,309.0
2659.7087,305.0
2660.7727,322.0
2661.837,296.0
2662.9016,338.0
2663.9668,399.0
2665.0325,435.0
2666.0984,423.0
2667.1648,383.0
2668.2317,351.0
2669.299,335.0
2670.3667,318.0
2671.4348,281.0
2672.5034,270.0
2673.5725,279.0
2674.6418,300.0
2675.7117,312.0
2676.782,310.0
2677.8528,317.0
2678.9238,334.0
2679.9954,346.0
2681.0674,345.0
2682.14,317.0
2683.2126,308.0
2684.286,287.0
2685.3596,324.0
2686.4338,307.0
2687.5083,303.0
2688.5833,312.0
2689.6587,307.0
2690.7346,303.0
2691.8108,308.0
2692.8875,337.0
2693.9646,323.0
2695.0422,330.0
2696.1204,327.0
2697.1987,300.0
2698.2776,319.0
2699.357,325.0
2700.4368,316.0
2701.5168,315.0
2702.5974,294.0
2703.6785,316.0
2704.76,328.0
2705.8418,316.0
2706.924,314.0
2708.0068,334.0
2709.09,332.0
2710.1738,319.0
2711.2578,295.0
2712.3423,333.0
2713.4272,317.0
2714.5127,339.0
2715.5984,330.0
2716.6846,324.0
2717.7712,300.0
2718.8584,276.0
2719.946,288.0
2721.034,279.0
2722.1223,344.0
2723.2112,376.0
2724.3005,409.0
2725.3901,353.0
2726.4802,335.0
2727.5708,322.0
2728.6619,306.0
2729.7534,335.0
2730.8452,322.0
2731.9375,312.0
2733.0303,289.0
2734.1235,340.0
2735.2173,347.0
2736.3113,380.0
2737.4058,340.0
2738.5007,343.0
2739.5962,314.0
2740.6921,274.0
2741.7883,331.0
2742.885,324.0
2743.9822,344.0
2745.0798,311.0
2746.178,316.0
2747.2764,354.0
2748.3752,273.0
2749.4746,361.0
2750.5745,319.0
2751.6748,337.0
2752.7754,296.0
2753.8765,293.0
2754.978,281.0
2756.08,281.0
2757.1826,289.0
2758.2854,297.0
2759.3887,315.0
2760.4924,313.0
2761.5967,305.0
2762.7014,336.0
2763.8064,326.0
2764.9119,336.0
2766.0178,323.0
2767.1243,313.0
2768.2312,280.0
2769.3384,312.0
2770.446,297.0
2771.5542,308.0
2772.6628,306.0
2773.772,310.0
2774.8816,296.0
2775.9915,316.0
2777.1018,342.0
2778.2126,334.0
2779.324,354.0
2780.4358,278.0
2781.5479,336.0
2782.6604,298.0
2783.7734,296.0
2784.887,335.0
2786.001,293.0
2787.1155,290.0
2788.2302,305.0
2789.3455,312.0
2790.4612,328.0
2791.5774,460.0
2792.694,630.0
2793.8113,811.0
2794.9287,713.0
2796.0466,647.0
2797.165,529.0
2798.284,483.0
2799.4033,477.0
2800.5232,468.0
2801.6433,436.0
2802.764,432.0
2803.885,388.0
2805.0066,447.0
2806.1287,426.0
2807.2512,528.0
2808.374,642.0
2809.4973,559.0
2810.621,456.0
2811.7454,439.0
2812.87,436.0
2813.9954,459.0
2815.1208,495.0
2816.2468,467.0
2817.3733,493.0
2818.5002,406.0
2819.6277,422.0
2820.7556,490.0
2821.884,474.0
2823.0127,517.0
2824.1418,437.0
2825.2715,463.0
2826.4016,444.0
2827.5322,435.0
2828.6633,484.0
2829.7947,522.0
2830.9265,512.0
2832.0588,494.0
2833.1917,446.0
2834.325,441.0
2835.4587,440.0
2836.593,488.0
2837.7275,456.0
2838.8625,472.0
2839.998,423.0
2841.134,437.0
2842.2705,441.0
2843.4075,445.0
2844.545,431.0
2845.6829,499.0
2846.821,549.0
2847.9597,524.0
2849.0989,525.0
2850.2385,561.0
2851.3787,498.0
2852.5193,515.0
2853.6604,523.0
2854.8018,515.0
2855.9436,487.0
2857.086,465.0
2858.2288,501.0
2859.372,502.0
2860.5159,453.0
2861.6602,508.0
2862.805,510.0
2863.95,611.0
2865.0955,660.0
2866.2415,660.0
2867.388,615.0
2868.535,510.0
2869.6824,514.0
2870.8303,508.0
2871.9788,516.0
2873.1274,496.0
2874.2766,525.0
2875.4263,500.0
2876.5764,542.0
2877.727,510.0
2878.8782,468.0
2880.0298,595.0
2881.182,717.0
2882.3345,672.0
2883.4873,553.0
2884.6406,521.0
2885.7944,473.0
2886.9487,543.0
2888.1035,722.0
2889.2588,765.0
2890.4146,792.0
2891.5708,756.0
2892.7275,625.0
2893.8845,537.0
2895.042,450.0
2896.2,420.0
2897.3584,447.0
2898.5173,486.0
2899.6768,450.0
2900.8367,388.0
2901.997,406.0
2903.158,436.0
2904.3193,686.0
2905.481,1028.0
2906.643,1105.0
2907.8057,1000.0
2908.9688,916.0
2910.1323,826.0
2911.2964,630.0
2912.461,543.0
2913.626,530.0
2914.7915,469.0
2915.9575,456.0
2917.124,398.0
2918.2908,443.0
2919.458,456.0
2920.6257,547.0
2921.794,1331.0
2922.9626,2041.0
2924.1318,1760.0
2925.3015,1276.0
2926.4717,848.0
2927.6423,720.0
2928.8135,546.0
2929.985,503.0
2931.157,507.0
2932.3293,477.0
2933.5022,477.0
2934.6755,437.0
2935.8494,424.0
2937.0237,429.0
2938.1985,544.0
2939.3738,504.0
2940.5496,564.0
2941.7258,516.0
2942.9026,496.0
2944.0798,522.0
2945.2576,587.0
2946.4358,579.0
2947.6143,495.0
2948.7932,553.0
2949.9727,534.0
2951.1526,517.0
2952.333,493.0
2953.514,463.0
2954.6953,475.0
2955.8772,413.0
2957.0596,430.0
2958.2424,436.0
2959.4258,428.0
2960.6096,450.0
2961.794,461.0
2962.9788,370.0
2964.164,398.0
2965.3496,444.0
2966.5356,463.0
2967.7222,499.0
2968.9092,447.0
2970.0967,441.0
2971.2847,451.0
2972.4731,401.0
2973.662,455.0
2974.8516,458.0
2976.0415,433.0
2977.232,451.0
2978.4229,490.0
2979.6143,492.0
2980.8062,431.0
2981.9985,422.0
2983.1914,460.0
2984.3848,435.0
2985.5786,445.0
2986.773,450.0
2987.9678,403.0
2989.1628,454.0
2990.3584,477.0
2991.5544,469.0
2992.751,485.0
2993.948,428.0
2995.1455,458.0
2996.3435,463.0
2997.542,472.0
2998.741,429.0
2999.9404,415.0
3001.1404,405.0
3002.3408,395.0
3003.5417,458.0
3004.7432,438.0
3005.945,410.0
3007.1475,372.0
3008.3503,502.0
3009.5537,526.0
3010.7576,481.0
3011.962,437.0
3013.1667,412.0
3014.372,440.0
3015.578,477.0
3016.7842,408.0
3017.991,425.0
3019.1982,430.0
3020.406,431.0
3021.6143,477.0
3022.823,461.0
3024.0322,427.0
3025.242,437.0
3026.4521,477.0
3027.6628,441.0
3028.874,439.0
3030.0857,454.0
3031.2976,427.0
3032.51,482.0
3033.723,445.0
3034.9363,412.0
3036.1501,373.0
3037.3645,437.0
3038.5793,479.0
3039.7947,415.0
3041.0105,458.0
3042.2268,446.0
3043.4436,472.0
3044.661,487.0
3045.8787,454.0
3047.097,437.0
3048.3157,477.0
3049.535,482.0
3050.7546,463.0
3051.9749,454.0
3053.1956,401.0
3054.4167,446.0
3055.6384,459.0
3056.8606,483.0
3058.0833,415.0
3059.3064,414.0
3060.53,430.0
3061.7542,440.0
3062.9788,438.0
3064.2039,411.0
3065.4294,474.0
3066.6555,503.0
3067.882,495.0
3069.1091,486.0
3070.3367,461.0
3071.5647,456.0
3072.7932,434.0
3074.0222,456.0
3075.2517,429.0
3076.4817,519.0
3077.7124,472.0
3078.9436,435.0
3080.1753,463.0
3081.4075,463.0
3082.6401,472.0
3083.8733,425.0
3085.107,410.0
3086.341,396.0
3087.5757,468.0
3088.8108,430.0
3090.0464,401.0
3091.2825,390.0
3092.519,462.0
3093.756,505.0
3094.9937,468.0
3096.2317,479.0
3097.4702,491.0
3098.7092,447.0
3099.9487,411.0
3101.1887,379.0
3102.4292,439.0
3103.6702,426.0
3104.9116,433.0
3106.1536,427.0
3107.396,397.0
3108.639,448.0
3109.8823,552.0
3111.1262,549.0
3112.3706,623.0
3113.6155,538.0
3114.8608,498.0
3116.1067,437.0
3117.353,458.0
3118.5999,437.0
3119.8474,427.0
3121.0955,389.0
3122.344,417.0
3123.593,470.0
3124.8425,403.0
3126.0925,431.0
3127.343,428.0
3128.594,457.0
3129.8455,380.0
3131.0974,442.0
3132.3499,455.0
3133.6028,475.0
3134.8562,456.0
3136.11,414.0
3137.3645,392.0
3138.6194,445.0
3139.8748,433.0
3141.1306,444.0
3142.387,392.0
3143.6438,454.0
3144.9014,375.0
3146.1594,431.0
3147.418,493.0
3148.677,418.0
3149.9365,391.0
3151.1965,388.0
3152.457,443.0
3153.718,447.0
3154.9795,433.0
3156.2415,397.0
3157.504,415.0
3158.7668,421.0
3160.0303,362.0
3161.2942,407.0
3162.5586,432.0
3163.8237,476.0
3165.0894,358.0
3166.3555,418.0
3167.622,413.0
3168.8892,374.0
3170.1567,428.0
3171.4248,420.0
3172.6934,533.0
3173.9624,376.0
3175.232,420.0
3176.502,408.0
3177.7725,418.0
3179.0435,435.0
3180.3152,497.0
3181.5874,426.0
3182.86,436.0
3184.1333,431.0
3185.407,415.0
3186.6812,452.0
3187.9558,496.0
3189.231,383.0
3190.5066,433.0
3191.7827,415.0
3193.0593,403.0
3194.3367,481.0
3195.6145,494.0
3196.8928,459.0
3198.1716,446.0
3199.451,417.0
3200.7307,426.0
3202.011,414.0
3203.2917,427.0
3204.573,385.0
3205.8547,433.0
3207.137,398.0
3208.42,429.0
3209.7034,474.0
3210.9873,439.0
3212.2717,394.0
3213.5566,469.0
3214.842,460.0
3216.128,432.0
3217.4143,440.0
3218.7012,476.0
3219.9888,427.0
3221.2769,432.0
3222.5654,467.0
3223.8545,453.0
3225.144,400.0
3226.434,484.0
3227.7246,474.0
3229.0156,457.0
3230.3071,416.0
3231.5994,434.0
3232.892,401.0
3234.1853,424.0
3235.479,474.0
3236.7732,498.0
3238.0679,448.0
3239.363,414.0
3240.6587,462.0
3241.9548,389.0
3243.2517,390.0
3244.549,458.0
3245.847,390.0
3247.1453,396.0
3248.444,423.0
3249.7434,424.0
3251.0432,390.0
3252.3438,477.0
3253.6448,504.0
3254.9463,469.0
3256.2483,436.0
3257.5508,421.0
3258.8538,456.0
3260.1572,408.0
3261.4612,413.0
3262.7659,431.0
3264.071,411.0
3265.3767,429.0
3266.6829,408.0
3267.9895,418.0
3269.2966,507.0
3270.6042,578.0
3271.9126,524.0
3273.2214,439.0
3274.5308,435.0
3275.8406,436.0
3277.151,405.0
3278.4617,464.0
3279.773,445.0
3281.085,434.0
3282.3975,428.0
3283.7104,420.0
3285.024,409.0
3286.338,454.0
3287.6523,442.0
3288.9673,443.0
3290.283,420.0
3291.599,415.0
3292.9158,411.0
3294.233,402.0
3295.5505,410.0
3296.8687,435.0
3298.1875,430.0
3299.5068,453.0
3300.8267,420.0
3302.147,440.0
3303.4678,430.0
3304.789,396.0
3306.111,405.0
3307.4336,420.0
3308.7566,421.0
3310.08,394.0
3311.404,402.0
3312.7285,479.0
3314.0537,397.0
3315.3794,394.0
3316.7056,431.0
3318.0322,436.0
3319.3594,443.0
3320.687,409.0
3322.0154,409.0
3323.3442,397.0
3324.6736,434.0
3326.0034,463.0
3327.3337,426.0
3328.6648,446.0
3329.9963,399.0
3331.3284,401.0
3332.661,436.0
3333.994,432.0
3335.3274,442.0
3336.6616,471.0
3337.9963,433.0
3339.3315,459.0
3340.6672,472.0
3342.0034,416.0
3343.3403,449.0
3344.6777,448.0
3346.0156,404.0
3347.354,381.0
3348.6929,461.0
3350.0322,424.0
3351.3723,503.0
3352.713,512.0
3354.054,442.0
3355.3955,444.0
3356.7375,468.0
3358.0803,417.0
3359.4236,446.0
3360.7673,446.0
3362.1116,392.0
3363.4563,426.0
3364.8018,420.0
3366.1477,415.0
3367.4941,498.0
3368.841,500.0
3370.1887,469.0
3371.5369,486.0
3372.8855,461.0
3374.2346,453.0
3375.5842,452.0
3376.9346,433.0
3378.2854,426.0
3379.6367,488.0
3380.9885,450.0
3382.3408,420.0
3383.6938,472.0
3385.0474,485.0
3386.4014,489.0
3387.7559,497.0
3389.1108,395.0
3390.4666,452.0
3391.8228,468.0
3393.1794,437.0
3394.5366,453.0
3395.8945,459.0
3397.253,432.0
3398.6118,432.0
3399.9712,446.0
3401.3313,463.0
3402.692,524.0
3404.053,467.0
3405.4146,514.0
3406.7766,435.0
3408.1394,441.0
3409.5027,447.0
3410.8665,556.0
3412.2307,535.0
3413.5957,603.0
3414.9612,493.0
3416.3271,445.0
3417.6936,485.0
3419.0608,465.0
3420.4285,466.0
3421.7966,507.0
3423.1653,449.0
3424.5347,461.0
3425.9045,476.0
3427.275,450.0
3428.6458,452.0
3430.017,442.0
3431.3892,430.0
3432.7617,489.0
3434.1348,448.0
3435.5083,449.0
3436.8826,462.0
3438.2573,399.0
3439.6326,469.0
3441.0083,443.0
3442.3848,386.0
3443.7617,446.0
3445.1392,406.0
3446.5173,461.0
3447.896,443.0
3449.2751,471.0
3450.6548,436.0
3452.0352,481.0
3453.416,439.0
3454.7974,453.0
3456.1792,455.0
3457.5618,490.0
3458.9448,443.0
3460.3284,463.0
3461.7124,465.0
3463.0972,451.0
3464.4824,449.0
3465.8682,444.0
3467.2544,485.0
3468.6414,449.0
3470.0288,432.0
3471.4167,427.0
3472.8054,495.0
3474.1946,506.0
3475.5842,551.0
3476.9744,489.0
3478.3652,462.0
3479.7566,475.0
3481.1484,451.0
3482.541,484.0
3483.934,447.0
3485.3276,446.0
3486.7217,485.0
3488.1165,433.0
3489.5117,460.0
3490.9075,450.0
3492.304,437.0
3493.701,464.0
3495.0984,449.0
3496.4963,488.0
3497.895,476.0
3499.2942,468.0
3500.6938,488.0
3502.0942,435.0
3503.495,494.0
3504.8965,507.0
3506.2983,491.0
3507.701,515.0
3509.104,430.0
3510.5076,449.0
3511.9119,493.0
3513.3167,490.0
3514.722,521.0
3516.128,451.0
3517.5344,483.0
3518.9414,463.0
3520.3489,474.0
3521.757,574.0
3523.1658,541.0
3524.575,501.0
3525.9849,491.0
3527.3953,472.0
3528.8062,521.0
3530.2178,536.0
3531.63,547.0
3533.0425,565.0
3534.4558,434.0
3535.8696,444.0
3537.284,419.0
3538.6987,478.0
3540.1143,452.0
3541.5303,469.0
3542.9468,460.0
3544.364,473.0
3545.7817,482.0
3547.2,422.0
3548.619,459.0
3550.0383,462.0
3551.4583,434.0
3552.879,482.0
3554.3,456.0
3555.7217,472.0
3557.144,478.0
3558.567,496.0
3559.9902,478.0
3561.4143,442.0
3562.8389,518.0
3564.264,540.0
3565.6897,498.0
3567.116,499.0
3568.5427,467.0
3569.9702,479.0
3571.3982,491.0
3572.8267,553.0
3574.2559,484.0
3575.6855,525.0
3577.1157,494.0
3578.5466,555.0
3579.978,561.0
3581.41,519.0
3582.8425,515.0
3584.2756,493.0
3585.7092,519.0
3587.1436,574.0
3588.5784,539.0
3590.014,523.0
3591.45,496.0
3592.8865,500.0
3594.3237,515.0
3595.7615,577.0
3597.1997,487.0
3598.6387,550.0
3600.0781,589.0
3601.518,532.0
3602.9587,503.0
3604.4,507.0
3605.8416,476.0
3607.284,590.0
3608.7268,636.0
3610.1704,504.0
3611.6145,496.0
3613.059,503.0
3614.5044,485.0
3615.9502,646.0
3617.3965,726.0
3618.8435,625.0
3620.291,529.0
3621.739,595.0
3623.1877,541.0
3624.637,536.0
3626.087,518.0
3627.5374,524.0
3628.9883,561.0
3630.44,461.0
3631.892,525.0
3633.3447,461.0
3634.798,571.0
3636.252,538.0
3637.7065,553.0
3639.1616,547.0
3640.6172,499.0
3642.0735,489.0
3643.5303,546.0
3644.9878,585.0
3646.4458,546.0
3647.9043,527.0
3649.3635,508.0
3650.8232,557.0
3652.2837,490.0
3653.7446,561.0
3655.206,547.0
3656.6682,513.0
3658.1309,561.0
3659.594,529.0
3661.0579,559.0
3662.5222,571.0
3663.9873,578.0
3665.453,547.0
3666.919,578.0
3668.3857,527.0
3669.853,549.0
3671.321,474.0
3672.7896,522.0
3674.2585,496.0
3675.7283,579.0
3677.1985,596.0
3678.6694,661.0
3680.1409,636.0
3681.613,567.0
3683.0857,546.0
3684.5588,555.0
3686.0327,495.0
3687.507,530.0
3688.9822,501.0
3690.4578,579.0
3691.9338,628.0
3693.4106,591.0
3694.888,644.0
3696.366,554.0
3697.8445,545.0
3699.3237,519.0
3700.8035,511.0
3702.2837,529.0
3703.7646,513.0
3705.246,552.0
3706.7283,655.0
3708.211,746.0
3709.6943,927.0
3711.1782,860.0
3712.6626,699.0
3714.1477,591.0
3715.6333,622.0
3717.1196,604.0
3718.6064,679.0
3720.094,661.0
3721.582,612.0
3723.0706,652.0
3724.5598,639.0
3726.0496,571.0
3727.54,604.0
3729.031,577.0
3730.5227,557.0
3732.015,693.0
3733.5078,1030.0
3735.0012,1413.0
3736.495,1093.0
3737.9897,866.0
3739.4849,652.0
3740.9807,634.0
3742.477,605.0
3743.974,702.0
3745.4717,636.0
3746.97,658.0
3748.4688,684.0
3749.968,1658.0
3751.468,3595.0
3752.9685,4299.0
3754.4697,2252.0
3755.9714,1440.0
3757.4739,869.0
3758.9768,776.0
3760.4805,711.0
3761.9846,644.0
3763.4895,610.0
3764.9949,678.0
3766.501,726.0
3768.0076,802.0
3769.515,657.0
3771.0227,557.0
3772.531,686.0
3774.04,789.0
3775.5496,784.0
3777.0598,670.0
3778.5706,650.0
3780.082,643.0
3781.594,567.0
3783.1067,618.0
3784.6199,610.0
3786.1338,621.0
3787.6482,641.0
3789.1633,630.0
3790.679,594.0
3792.1953,577.0
3793.7122,615.0
3795.2297,611.0
3796.7478,621.0
3798.2666,655.0
3799.786,622.0
3801.306,614.0
3802.8264,650.0
3804.3477,567.0
3805.8694,644.0
3807.3918,555.0
3808.9148,638.0
3810.4385,638.0
3811.9626,614.0
3813.4875,665.0
3815.013,734.0
3816.539,689.0
3818.0657,669.0
3819.593,571.0
3821.1208,607.0
3822.6494,592.0
3824.1785,566.0
3825.7083,607.0
3827.2385,546.0
3828.7695,611.0
3830.301,628.0
3831.8333,703.0
3833.366,616.0
3834.8994,629.0
3836.4333,601.0
3837.968,649.0
3839.5032,576.0
3841.039,646.0
3842.5754,639.0
3844.1125,589.0
3845.6501,617.0
3847.1885,692.0
3848.7273,787.0
3850.2668,769.0
3851.807,705.0
3853.3477,662.0
3854.889,642.0
3856.431,581.0
3857.9734,610.0
3859.5166,640.0
3861.0603,582.0
3862.6047,610.0
3864.1497,654.0
3865.6953,660.0
3867.2417,658.0
3868.7886,676.0
3870.3362,661.0
3871.8843,664.0
3873.433,687.0
3874.9824,701.0
3876.5325,594.0
3878.083,654.0
3879.6343,677.0
3881.186,719.0
3882.7385,689.0
3884.2915,698.0
3885.8452,688.0
3887.3997,644.0
3888.9546,661.0
3890.5103,577.0
3892.0664,590.0
3893.6233,658.0
3895.1807,677.0
3896.7388,761.0
3898.2974,673.0
3899.8567,689.0
3901.4167,760.0
3902.9773,716.0
3904.5386,699.0
3906.1003,652.0
3907.6628,625.0
3909.2258,667.0
3910.7896,606.0
3912.3538,564.0
3913.9187,597.0
3915.4844,601.0
3917.0505,684.0
3918.6174,713.0
3920.1848,649.0
3921.753,636.0
3923.3215,675.0
3924.8909,673.0
3926.461,613.0
3928.0315,577.0
3929.6028,596.0
3931.1746,591.0
3932.747,594.0
3934.32,628.0
3935.8938,652.0
3937.4683,559.0
3939.0432,639.0
3940.619,736.0
3942.195,717.0
3943.772,661.0
3945.3494,570.0
3946.9275,642.0
3948.5063,592.0
3950.0857,605.0
3951.6658,633.0
3953.2463,594.0
3954.8276,609.0
3956.4097,586.0
3957.9922,553.0
3959.5754,609.0
3961.1592,611.0
3962.7437,607.0
3964.3289,564.0
3965.9146,526.0
3967.501,575.0
3969.088,556.0
3970.6755,569.0
3972.264,583.0
3973.8528,542.0
3975.4424,554.0
3977.0325,584.0
3978.6233,550.0
3980.2148,563.0
3981.807,598.0
3983.3997,599.0
3984.993,602.0
3986.587,534.0
3988.1816,557.0
3989.7769,582.0
3991.3728,564.0
3992.9692,609.0
3994.5664,608.0
3996.1643,565.0
3997.7627,558.0
3999.3618,583.0
4000.9617,595.0
4002.562,585.0
4004.163,614.0
4005.7646,613.0
4007.367,623.0
4008.97,581.0
4010.5735,625.0
4012.1777,616.0
4013.7827,591.0
4015.3882,531.0
4016.9944,590.0
4018.601,663.0
4020.2085,663.0
4021.8167,658.0
4023.4253,639.0
4025.0347,662.0
4026.6448,686.0
4028.2554,726.0
4029.8667,794.0
4031.4788,680.0
4033.0913,696.0
4034.7046,688.0
4036.3184,718.0
4037.9329,813.0
4039.548,784.0
4041.1638,774.0
4042.7803,908.0
4044.3975,864.0
4046.0151,788.0
4047.6335,721.0
4049.2527,740.0
4050.8723,1056.0
4052.4927,1030.0
4054.1138,879.0
4055.7354,819.0
4057.3577,776.0
4058.9807,1147.0
4060.6042,1481.0
4062.2285,1137.0
4063.8535,946.0
4065.479,789.0
4067.1052,741.0
4068.7322,926.0
4070.3596,909.0
4071.9878,1164.0
4073.6167,1087.0
4075.246,869.0
4076.8762,910.0
4078.507,850.0
4080.1384,933.0
4081.7705,1129.0
4083.4033,947.0
4085.0366,1173.0
4086.6707,1487.0
4088.3054,1308.0
4089.9407,1074.0
4091.5767,924.0
4093.2134,1673.0
4094.8506,2540.0
4096.489,1534.0
4098.1274,958.0
4099.7666,766.0
4101.4067,1322.0
4103.0474,3660.0
4104.6885,3108.0
4106.3306,1385.0
4107.973,851.0
4109.616,712.0
4111.2603,684.0
4112.905,752.0
4114.55,786.0
4116.196,730.0
4117.8423,686.0
4119.4893,644.0
4121.137,688.0
4122.7856,667.0
4124.4346,645.0
4126.0845,655.0
4127.735,595.0
4129.3857,600.0
4131.0376,700.0
4132.69,705.0
4134.343,637.0
4135.9966,645.0
4137.651,665.0
4139.306,588.0
4140.962,606.0
4142.618,590.0
4144.2754,655.0
4145.933,609.0
4147.5913,625.0
4149.2505,584.0
4150.91,651.0
4152.5703,586.0
4154.2314,651.0
4155.893,690.0
4157.5557,623.0
4159.2188,666.0
4160.8823,622.0
4162.547,616.0
4164.212,634.0
4165.8774,708.0
4167.544,647.0
4169.211,622.0
4170.8784,667.0
4172.547,640.0
4174.216,700.0
4175.8857,741.0
4177.556,653.0
4179.227,671.0
4180.899,697.0
4182.5713,687.0
4184.244,613.0
4185.918,676.0
4187.5923,675.0
4189.267,741.0
4190.943,734.0
4192.619,647.0
4194.2964,623.0
4195.974,671.0
4197.6523,814.0
4199.3315,758.0
4201.011,666.0
4202.6914,609.0
4204.3726,665.0
4206.054,712.0
4207.737,609.0
4209.42,626.0
4211.1035,650.0
4212.788,615.0
4214.473,606.0
4216.1587,656.0
4217.845,681.0
4219.532,629.0
4221.22,645.0
4222.9087,671.0
4224.5977,647.0
4226.2876,632.0
4227.978,652.0
4229.6694,626.0
4231.3613,661.0
4233.0537,718.0
4234.747,694.0
4236.441,638.0
4238.1353,620.0
4239.8306,694.0
4241.5264,692.0
4243.223,628.0
4244.9204,678.0
4246.618,669.0
4248.317,677.0
4250.016,714.0
4251.7163,632.0
4253.417,639.0
4255.118,655.0
4256.8203,714.0
4258.523,682.0
4260.2266,715.0
4261.9307,703.0
4263.6353,715.0
4265.341,730.0
4267.047,779.0
4268.754,844.0
4270.4614,801.0
4272.1694,611.0
4273.8784,651.0
4275.588,763.0
4277.2983,1010.0
4279.0093,913.0
4280.7207,743.0
4282.433,632.0
4284.146,818.0
4285.86,1290.0
4287.574,1053.0
4289.289,758.0
4291.005,739.0
4292.721,640.0
4294.4385,608.0
4296.1562,602.0
4297.8745,672.0
4299.5938,676.0
4301.3135,643.0
4303.034,617.0
4304.7554,692.0
4306.477,645.0
4308.1997,645.0
4309.923,671.0
4311.647,591.0
4313.3716,629.0
4315.097,639.0
4316.823,643.0
4318.55,612.0
4320.2773,598.0
4322.0054,583.0
4323.7344,562.0
4325.464,633.0
4327.194,625.0
4328.925,621.0
4330.6562,634.0
4332.3887,593.0
4334.1216,594.0
4335.8555,638.0
4337.59,624.0
4339.3247,623.0
4341.0605,608.0
4342.797,613.0
4344.534,567.0
4346.272,582.0
4348.0103,661.0
4349.7495,679.0
4351.4893,616.0
4353.23,625.0
4354.971,654.0
4356.7134,694.0
4358.456,650.0
4360.199,707.0
4361.9434,603.0
4363.688,641.0
4365.4336,634.0
4367.1797,599.0
4368.927,595.0
4370.6743,614.0
4372.4224,620.0
4374.1714,675.0
4375.921,620.0
4377.6714,666.0
4379.4224,627.0
4381.1743,707.0
4382.927,670.0
4384.6797,631.0
4386.4336,651.0
4388.188,705.0
4389.9434,670.0
4391.699,627.0
4393.456,698.0
4395.2134,643.0
4396.9717,642.0
4398.7305,676.0
4400.4897,724.0
4402.25,811.0
4404.0107,684.0
4405.7725,730.0
4407.5347,811.0
4409.298,855.0
4411.0615,779.0
4412.826,732.0
4414.5913,712.0
4416.357,829.0
4418.1235,887.0
4419.8906,856.0
4421.6587,788.0
4423.4272,781.0
4425.197,766.0
4426.967,735.0
4428.738,749.0
4430.5093,786.0
4432.2812,738.0
4434.054,717.0
4435.8276,780.0
4437.602,751.0
4439.377,855.0
4441.153,808.0
4442.929,763.0
4444.7065,825.0
4446.4844,761.0
4448.263,820.0
4450.0425,786.0
4451.8223,790.0
4453.603,732.0
4455.3843,758.0
4457.1665,763.0
4458.949,851.0
4460.733,849.0
4462.517,777.0
4464.3022,862.0
4466.088,860.0
4467.8745,977.0
4469.6616,963.0
4471.4497,905.0
4473.2383,898.0
4475.0273,804.0
4476.8174,749.0
4478.608,830.0
4480.3994,886.0
4482.1914,961.0
4483.9844,842.0
4485.778,826.0
4487.5723,790.0
4489.367,883.0
4491.163,910.0
4492.9595,789.0
4494.757,780.0
4496.5547,832.0
4498.3535,884.0
4500.153,989.0
4501.953,924.0
4503.754,867.0
4505.555,895.0
4507.3574,882.0
4509.16,818.0
4510.964,757.0
4512.768,900.0
4514.573,956.0
4516.379,808.0
4518.1855,789.0
4519.9927,808.0
4521.801,1051.0
4523.6094,954.0
4525.419,733.0
4527.229,727.0
4529.04,841.0
4530.8516,1085.0
4532.664,1026.0
4534.477,809.0
4536.291,760.0
4538.1055,799.0
4539.921,756.0
4541.737,713.0
4543.5537,742.0
4545.371,703.0
4547.1895,695.0
4549.0083,711.0
4550.828,732.0
4552.6484,667.0
4554.4697,672.0
4556.2915,654.0
4558.1143,642.0
4559.9375,708.0
4561.7617,749.0
4563.5864,678.0
4565.4116,696.0
4567.238,738.0
4569.0645,741.0
4570.892,757.0
4572.72,755.0
4574.5493,678.0
4576.379,719.0
4578.2095,703.0
4580.0405,688.0
4581.8726,641.0
4583.705,751.0
4585.5386,776.0
4587.3726,718.0
4589.2075,745.0
4591.043,757.0
4592.8794,808.0
4594.7163,785.0
4596.554,768.0
4598.3926,749.0
4600.232,800.0
4602.0723,817.0
4603.913,848.0
4605.755,796.0
4607.597,724.0
4609.4404,725.0
4611.284,787.0
4613.129,765.0
4614.974,785.0
4616.8203,792.0
4618.667,789.0
4620.5146,751.0
4622.363,779.0
4624.212,763.0
4626.0615,766.0
4627.912,834.0
4629.763,730.0
4631.615,743.0
4633.468,728.0
4635.3213,800.0
4637.1753,823.0
4639.0303,747.0
4640.8857,717.0
4642.742,750.0
4644.599,770.0
4646.457,767.0
4648.3154,766.0
4650.175,727.0
4652.0347,753.0
4653.8955,817.0
4655.757,760.0
4657.619,765.0
4659.4824,783.0
4661.346,766.0
4663.211,811.0
4665.076,858.0
4666.9424,765.0
4668.809,804.0
4670.677,804.0
4672.545,790.0
4674.414,745.0
4676.2837,761.0
4678.1543,801.0
4680.0254,886.0
4681.8975,733.0
4683.77,772.0
4685.6436,730.0
4687.5176,799.0
4689.3926,762.0
4691.2686,729.0
4693.145,811.0
4695.0225,821.0
4696.9004,857.0
4698.7793,785.0
4700.6587,754.0
4702.539,738.0
4704.42,768.0
4706.302,684.0
4708.184,735.0
4710.0674,773.0
4711.951,847.0
4713.836,845.0
4715.7217,752.0
4717.608,712.0
4719.495,730.0
4721.383,750.0
4723.2715,767.0
4725.1606,715.0
4727.051,827.0
4728.9414,840.0
4730.833,831.0
4732.725,755.0
4734.618,710.0
4736.512,682.0
4738.4067,697.0
4740.3022,663.0
4742.198,685.0
4744.095,735.0
4745.9927,761.0
4747.891,756.0
4749.79,669.0
4751.69,714.0
4753.591,695.0
4755.492,642.0
4757.3945,636.0
4759.2974,649.0
4761.201,712.0
4763.1055,746.0
4765.0107,729.0
4766.9165,709.0
4768.823,660.0
4770.731,701.0
4772.639,593.0
4774.5483,612.0
4776.458,617.0
4778.3687,634.0
4780.28,639.0
4782.192,656.0
4784.105,587.0
4786.0186,604.0
4787.933,634.0
4789.848,620.0
4791.764,596.0
4793.6807,651.0
4795.598,644.0
4797.5166,617.0
4799.4355,635.0
4801.3555,596.0
4803.276,593.0
4805.1973,547.0
4807.119,554.0
4809.042,610.0
4810.966,623.0
4812.89,613.0
4814.8154,610.0
4816.741,607.0
4818.668,573.0
4820.595,545.0
4822.5234,554.0
4824.4526,604.0
4826.3823,612.0
4828.313,581.0
4830.244,628.0
4832.1763,617.0
4834.1094,604.0
4836.043,611.0
4837.9775,570.0
4839.9126,560.0
4841.8486,562.0
4843.785,551.0
4845.7227,556.0
4847.661,606.0
4849.6,612.0
4851.54,586.0
4853.4805,584.0
4855.422,576.0
4857.3643,529.0
4859.307,555.0
4861.251,571.0
4863.1953,532.0
4865.1406,573.0
4867.087,647.0
4869.0337,578.0
4870.9814,563.0
4872.9297,549.0
4874.879,511.0
4876.829,548.0
4878.78,586.0
4880.7314,589.0
4882.6836,549.0
4884.6367,573.0
4886.5903,541.0
4888.545,576.0
4890.5005,539.0
4892.4565,554.0
4894.4136,576.0
4896.3716,539.0
4898.33,577.0
4900.2896,603.0
4902.2495,594.0
4904.2104,632.0
4906.1724,575.0
4908.135,571.0
4910.098,560.0
4912.062,579.0
4914.027,560.0
4915.9927,556.0
4917.959,586.0
4919.9263,585.0
4921.894,630.0
4923.863,629.0
4925.8325,578.0
4927.8027,622.0
4929.774,577.0
4931.7456,635.0
4933.7183,580.0
4935.692,559.0
4937.666,610.0
4939.641,603.0
4941.617,670.0
4943.5938,610.0
4945.5713,588.0
4947.5493,585.0
4949.5283,610.0
4951.5083,575.0
4953.489,618.0
4955.47,582.0
4957.4526,627.0
4959.4355,595.0
4961.4194,592.0
4963.404,597.0
4965.389,591.0
4967.3755,616.0
4969.3623,548.0
4971.35,604.0
4973.339,626.0
4975.328,656.0
4977.3184,675.0
4979.309,650.0
4981.301,629.0
4983.2935,625.0
4985.2866,613.0
4987.281,633.0
4989.276,631.0
4991.2715,668.0
4993.268,708.0
4995.265,624.0
4997.263,584.0
4999.262,659.0
5001.2617,643.0
5003.262,586.0
5005.2637,631.0
5007.2656,636.0
5009.2686,569.0
5011.2725,641.0
5013.277,584.0
5015.282,676.0
5017.2886,626.0
5019.2954,601.0
5021.303,590.0
5023.3115,645.0
5025.321,623.0
5027.331,593.0
5029.342,632.0
5031.3535,662.0
5033.366,690.0
5035.3794,677.0
5037.3936,623.0
5039.4087,623.0
5041.4243,649.0
5043.441,587.0
5045.4585,619.0
5047.4766,638.0
5049.4956,660.0
5051.5156,678.0
5053.536,701.0
5055.5576,618.0
5057.58,594.0
5059.603,588.0
5061.627,587.0
5063.6514,615.0
5065.677,604.0
5067.703,644.0
5069.73,601.0
5071.758,629.0
5073.7866,645.0
5075.816,604.0
5077.846,665.0
5079.8774,526.0
5081.909,593.0
5083.942,558.0
5085.9756,546.0
5088.01,608.0
5090.045,622.0
5092.081,604.0
5094.1177,618.0
5096.1553,620.0
5098.194,609.0
5100.233,618.0
5102.273,603.0
5104.314,640.0
5106.3555,650.0
5108.398,629.0
5110.4414,613.0
5112.4854,659.0
5114.5303,723.0
5116.576,689.0
5118.6226,638.0
5120.67,592.0
5122.7183,614.0
5124.7676,622.0
5126.8174,613.0
5128.868,677.0
5130.92,667.0
5132.972,692.0
5135.0254,655.0
5137.0796,643.0
5139.1343,643.0
5141.19,643.0
5143.2466,643.0
5145.3037,656.0
5147.362,699.0
5149.421,681.0
5151.4805,607.0
5153.541,637.0
5155.6025,659.0
5157.6646,619.0
5159.7275,605.0
5161.7915,635.0
5163.8564,637.0
5165.922,601.0
5167.9883,634.0
5170.0557,601.0
5172.1235,666.0
5174.1924,661.0
5176.262,595.0
5178.3325,637.0
5180.404,653.0
5182.476,651.0
5184.549,623.0
5186.6226,642.0
5188.6973,667.0
5190.773,629.0
5192.849,640.0
5194.9263,666.0
5197.0044,623.0
5199.083,611.0
5201.1626,589.0
5203.243,667.0
5205.324,669.0
5207.4062,627.0
5209.4893,590.0
5211.573,616.0
5213.6577,634.0
5215.743,649.0
5217.8296,636.0
5219.9165,634.0
5222.0044,701.0
5224.0933,651.0
5226.183,672.0
5228.2734,665.0
5230.3647,666.0
5232.457,637.0
5234.55,676.0
5236.6436,732.0
5238.7383,691.0
5240.834,665.0
5242.93,627.0
5245.0273,666.0
5247.1255,650.0
5249.224,645.0
5251.3237,627.0
5253.4243,658.0
5255.526,669.0
5257.628,678.0
5259.731,632.0
5261.835,650.0
5263.9395,622.0
5266.045,654.0
5268.1514,694.0
5270.259,673.0
5272.3667,652.0
5274.4756,678.0
5276.5854,638.0
5278.6963,634.0
5280.8076,678.0
5282.92,684.0
5285.033,690.0
5287.147,673.0
5289.2617,637.0
5291.3774,691.0
5293.494,639.0
5295.6113,619.0
5297.7295,686.0
5299.8486,792.0
5301.9688,822.0
5304.0894,760.0
5306.211,646.0
5308.3335,639.0
5310.457,657.0
5312.581,680.0
5314.706,661.0
5316.832,760.0
5318.959,793.0
5321.0864,765.0
5323.215,754.0
5325.344,656.0
5327.4746,733.0
5329.6055,689.0
5331.7373,661.0
5333.87,691.0
5336.004,624.0
5338.138,693.0
5340.2734,700.0
5342.4097,681.0
5344.547,722.0
5346.6846,699.0
5348.823,697.0
5350.963,677.0
5353.1035,680.0
5355.2446,723.0
5357.3867,712.0
5359.53,718.0
5361.674,736.0
5363.8184,737.0
5365.964,710.0
5368.1104,719.0
5370.258,706.0
5372.406,762.0
5374.5547,784.0
5376.7046,783.0
5378.8555,813.0
5381.007,767.0
5383.159,706.0
5385.3125,680.0
5387.467,718.0
5389.6216,756.0
5391.7773,764.0
5393.934,767.0
5396.092,781.0
5398.25,802.0
5400.409,761.0
5402.5693,697.0
5404.7305,754.0
5406.8926,738.0
5409.055,875.0
5411.2188,822.0
5413.3833,775.0
5415.549,790.0
5417.715,804.0
5419.882,753.0
5422.05,765.0
5424.2188,747.0
5426.3887,737.0
5428.559,792.0
5430.7305,798.0
5432.903,758.0
5435.076,804.0
5437.25,789.0
5439.425,785.0
5441.6006,819.0
5443.7773,780.0
5445.955,828.0
5448.1333,786.0
5450.3125,772.0
5452.4927,759.0
5454.674,727.0
5456.8555,770.0
5459.038,820.0
5461.2217,773.0
5463.4062,767.0
5465.592,743.0
5467.778,747.0
5469.965,800.0
5472.153,826.0
5474.342,806.0
5476.5317,819.0
5478.722,811.0
5480.9136,725.0
5483.106,741.0
5485.2993,772.0
5487.4937,822.0
5489.6885,785.0
5491.8843,858.0
5494.081,795.0
5496.279,793.0
5498.4775,810.0
5500.677,748.0
5502.877,810.0
5505.078,832.0
5507.2803,838.0
5509.4834,785.0
5511.687,809.0
5513.8916,869.0
5516.097,803.0
5518.3037,780.0
5520.511,799.0
5522.719,851.0
5524.928,880.0
5527.138,777.0
5529.349,860.0
5531.561,779.0
5533.7734,814.0
5535.987,840.0
5538.201,843.0
5540.4165,861.0
5542.633,809.0
5544.85,802.0
5547.068,817.0
5549.2866,865.0
5551.5063,769.0
5553.727,819.0
5555.9487,774.0
5558.171,853.0
5560.394,823.0
5562.618,826.0
5564.8433,867.0
5567.0693,837.0
5569.2964,822.0
5571.524,800.0
5573.7524,781.0
5575.982,752.0
5578.2124,780.0
5580.444,787.0
5582.676,890.0
5584.9087,869.0
5587.1426,821.0
5589.3774,848.0
5591.6133,719.0
5593.85,771.0
5596.0874,791.0
5598.3257,766.0
5600.565,785.0
5602.805,850.0
5605.0464,783.0
5607.2886,743.0
5609.5312,759.0
5611.775,811.0
5614.0195,764.0
5616.265,829.0
5618.5117,768.0
5620.7593,797.0
5623.008,782.0
5625.257,787.0
5627.507,754.0
5629.758,764.0
5632.01,760.0
5634.2627,796.0
5636.5166,745.0
5638.771,720.0
5641.0264,708.0
5643.2827,772.0
5645.54,747.0
5647.7983,798.0
5650.0576,789.0
5652.318,704.0
5654.5786,722.0
5656.8403,747.0
5659.103,791.0
5661.3667,752.0
5663.6313,765.0
5665.897,737.0
5668.1636,756.0
5670.4307,690.0
5672.6987,781.0
5674.968,768.0
5677.238,782.0
5679.509,758.0
5681.781,803.0
5684.0537,689.0
5686.327,750.0
5688.6016,773.0
5690.877,754.0
5693.1533,797.0
5695.4307,797.0
5697.709,826.0
5699.9883,798.0
5702.268,738.0
5704.549,780.0
5706.8306,751.0
5709.1133,796.0
5711.397,798.0
5713.6816,840.0
5715.9673,806.0
5718.254,767.0
5720.541,801.0
5722.829,834.0
5725.118,864.0
5727.408,823.0
5729.699,856.0
5731.991,838.0
5734.284,870.0
5736.578,863.0
5738.8726,851.0
5741.168,871.0
5743.4644,814.0
5745.7617,874.0
5748.06,838.0
5750.3594,929.0
5752.6597,891.0
5754.961,930.0
5757.2627,915.0
5759.5654,876.0
5761.869,902.0
5764.174,853.0
5766.4795,876.0
5768.786,889.0
5771.0938,881.0
5773.4023,866.0
5775.712,963.0
5778.022,865.0
5780.333,897.0
5782.645,928.0
5784.958,925.0
5787.272,905.0
5789.587,975.0
5791.903,936.0
5794.2197,929.0
5796.5376,928.0
5798.8564,934.0
5801.176,990.0
5803.496,970.0
5805.8174,1036.0
5808.1396,1047.0
5810.463,902.0
5812.787,964.0
5815.1123,977.0
5817.4385,1007.0
5819.7656,1048.0
5822.0938,1096.0
5824.4224,997.0
5826.752,941.0
5829.0825,1065.0
5831.414,1113.0
5833.7466,1065.0
5836.08,1032.0
5838.4146,1134.0
5840.75,1244.0
5843.0864,1105.0
5845.424,1014.0
5847.762,990.0
5850.101,968.0
5852.441,964.0
5854.7817,962.0
5857.1235,1006.0
5859.4663,885.0
5861.81,953.0
5864.155,959.0
5866.5005,966.0
5868.847,987.0
5871.195,975.0
5873.5435,966.0
5875.893,975.0
5878.2437,974.0
5880.5947,900.0
5882.947,1001.0
5885.3,1012.0
5887.654,1004.0
5890.009,1111.0
5892.3647,989.0
5894.7217,1065.0
5897.0796,1033.0
5899.4385,1041.0
5901.7983,1138.0
5904.159,1122.0
5906.521,1124.0
5908.884,1088.0
5911.2476,1105.0
5913.612,1046.0
5915.977,1148.0
5918.3433,1049.0
5920.7104,1063.0
5923.0786,1029.0
5925.4478,1080.0
5927.818,1063.0
5930.189,1071.0
5932.561,1105.0
5934.934,1138.0
5937.308,1070.0
5939.683,1049.0
5942.059,1097.0
5944.436,1114.0
5946.814,1157.0
5949.193,1103.0
5951.5728,1110.0
5953.9536,1119.0
5956.335,1023.0
5958.7173,1148.0
5961.1006,1224.0
5963.485,1070.0
5965.87,1178.0
5968.2563,1130.0
5970.6436,1157.0
5973.0317,1160.0
5975.421,1195.0
5977.811,1258.0
5980.202,1176.0
5982.594,1099.0
5984.9873,1234.0
5987.3813,1163.0
5989.7764,1155.0
5992.1724,1177.0
5994.5693,1220.0
5996.9673,1170.0
5999.366,1119.0
6001.766,1311.0
6004.167,1274.0
6006.569,1183.0
6008.9717,1163.0
6011.3755,1245.0
6013.7803,1097.0
6016.1855,1132.0
6018.592,1166.0
6020.999,1209.0
6023.407,1084.0
6025.8164,1101.0
6028.2266,1135.0
6030.6377,1098.0
6033.05,1109.0
6035.463,1156.0
6037.877,1203.0
6040.292,1122.0
6042.708,1134.0
6045.125,1148.0
6047.543,1213.0
6049.962,1250.0
6052.382,1103.0
6054.8027,1031.0
6057.2246,1055.0
6059.6475,1051.0
6062.0713,1174.0
6064.496,1158.0
6066.922,1211.0
6069.3486,1195.0
6071.7764,1133.0
6074.205,1130.0
6076.635,1167.0
6079.0654,1125.0
6081.497,1120.0
6083.9297,1200.0
6086.3633,1192.0
6088.798,1141.0
6091.2334,1105.0
6093.67,1119.0
6096.1074,1203.0
6098.546,1148.0
6100.9854,1151.0
6103.426,1272.0
6105.867,1161.0
6108.3096,1178.0
6110.753,1198.0
6113.1973,1270.0
6115.6426,1284.0
6118.089,1346.0
6120.536,1370.0
6122.9844,1248.0
6125.4336,1201.0
6127.884,1227.0
6130.335,1379.0
6132.787,1461.0
6135.24,1484.0
6137.6943,1495.0
6140.1494,1397.0
6142.6055,1331.0
6145.0625,1387.0
6147.5205,1438.0
6149.9795,1625.0
6152.4395,1519.0
6154.9004,1569.0
6157.3623,1694.0
6159.825,1589.0
6162.289,1500.0
6164.754,1415.0
6167.2197,1328.0
6169.6865,1451.0
6172.1543,1620.0
6174.623,2021.0
6177.093,1978.0
6179.5635,1688.0
6182.035,1541.0
6184.508,1455.0
6186.9814,1510.0
6189.456,1648.0
6191.9316,1970.0
6194.408,2159.0
6196.8857,1859.0
6199.3643,1835.0
6201.844,1839.0
6204.325,1644.0
6206.807,1446.0
6209.29,1289.0
6211.774,1402.0
6214.259,1715.0
6216.7446,2027.0
6219.2314,1826.0
6221.719,1586.0
6224.208,1496.0
6226.6978,1414.0
6229.1885,1513.0
6231.68,1981.0
6234.173,2245.0
6236.6665,2015.0
6239.161,1695.0
6241.6567,1494.0
6244.1533,1503.0
6246.651,1569.0
6249.1494,1709.0
6251.649,1552.0
6254.1494,1572.0
6256.651,1743.0
6259.1533,1726.0
6261.6567,1508.0
6264.1616,1354.0
6266.6675,1329.0
6269.1743,1347.0
6271.682,1653.0
6274.191,2306.0
6276.7007,1967.0
6279.2114,1569.0
6281.723,1348.0
6284.236,1281.0
6286.7495,1323.0
6289.264,1934.0
6291.78,2745.0
6294.2964,2258.0
6296.814,1677.0
6299.3325,1418.0
6301.852,1371.0
6304.3726,1305.0
6306.8945,1220.0
6309.4175,1290.0
6311.9414,1299.0
6314.4663,1204.0
6316.992,1290.0
6319.519,1310.0
6322.047,1338.0
6324.5757,1204.0
6327.1055,1266.0
6329.636,1235.0
6332.168,1280.0
6334.7007,1242.0
6337.2344,1297.0
6339.769,1289.0
6342.305,1275.0
6344.8423,1324.0
6347.3804,1342.0
6349.9194,1290.0
6352.4595,1331.0
6355.0005,1185.0
6357.5425,1302.0
6360.0854,1345.0
6362.6294,1319.0
6365.1743,1243.0
6367.72,1296.0
6370.267,1311.0
6372.8154,1353.0
6375.3647,1359.0
6377.915,1322.0
6380.4663,1399.0
6383.0186,1335.0
6385.572,1387.0
6388.126,1413.0
6390.681,1290.0
6393.2373,1324.0
6395.7944,1347.0
6398.3525,1270.0
6400.912,1325.0
6403.4727,1445.0
6406.034,1443.0
6408.5967,1359.0
6411.16,1289.0
6413.7246,1338.0
6416.29,1249.0
6418.8564,1350.0
6421.424,1401.0
6423.992,1287.0
6426.562,1300.0
6429.133,1277.0
6431.7046,1396.0
6434.2773,1323.0
6436.851,1428.0
6439.426,1384.0
6442.0015,1268.0
6444.578,1314.0
6447.156,1365.0
6449.735,1336.0
6452.315,1330.0
6454.896,1401.0
6457.478,1301.0
6460.061,1311.0
6462.645,1318.0
6465.23,1257.0
6467.816,1307.0
6470.403,1259.0
6472.991,1342.0
6475.5806,1266.0
6478.171,1332.0
6480.762,1329.0
6483.3545,1347.0
6485.9478,1279.0
6488.542,1316.0
6491.137,1339.0
6493.734,1310.0
6496.3315,1430.0
6498.93,1393.0
6501.53,1327.0
6504.1304,1357.0
6506.732,1416.0
6509.3345,1317.0
6511.938,1413.0
6514.543,1493.0
6517.149,1500.0
6519.756,1338.0
6522.364,1412.0
6524.9727,1469.0
6527.5825,1395.0
6530.1934,1431.0
6532.8057,1471.0
6535.419,1470.0
6538.033,1443.0
6540.6484,1505.0
6543.2646,1473.0
6545.882,1461.0
6548.5,1480.0
6551.1196,1527.0
6553.74,1416.0
6556.362,1624.0
6558.9844,1692.0
6561.608,1661.0
6564.2324,1559.0
6566.858,1486.0
6569.485,1488.0
6572.113,1492.0
6574.7417,1561.0
6577.3716,1660.0
6580.0024,1517.0
6582.6343,1505.0
6585.267,1536.0
6587.9014,1492.0
6590.5366,1524.0
6593.173,1703.0
6595.81,1657.0
6598.448,1572.0
6601.0874,1420.0
6603.728,1445.0
6606.3696,1543.0
6609.012,1506.0
6611.656,1565.0
6614.3003,1555.0
6616.946,1461.0
6619.593,1485.0
6622.2407,1590.0
6624.8896,1460.0
6627.5396,1448.0
6630.1904,1546.0
6632.8423,1483.0
6635.4956,1448.0
6638.15,1753.0
6640.805,1809.0
6643.4614,1531.0
6646.1187,1488.0
6648.7773,1427.0
6651.437,1403.0
6654.0977,1481.0
6656.7593,1554.0
6659.422,1550.0
6662.0854,1561.0
6664.7505,1465.0
6667.4165,1380.0
6670.0835,1327.0
6672.7515,1286.0
6675.4204,1316.0
6678.091,1360.0
6680.762,1439.0
6683.4346,1422.0
6686.108,1312.0
6688.782,1299.0
6691.4575,1271.0
6694.1343,1371.0
6696.812,1518.0
6699.4907,1483.0
6702.1704,1391.0
6704.851,1334.0
6707.533,1436.0
6710.2163,1392.0
6712.9004,1371.0
6715.5854,1480.0
6718.2715,1428.0
6720.959,1345.0
6723.6475,1492.0
6726.337,1498.0
6729.0273,1334.0
6731.7188,1266.0
6734.4116,1389.0
6737.1055,1430.0
6739.8003,1553.0
6742.496,1648.0
6745.193,1535.0
6747.891,1380.0
6750.5903,1321.0
6753.2905,1320.0
6755.9917,1404.0
6758.6943,1671.0
6761.398,1863.0
6764.1025,1658.0
6766.808,1550.0
6769.5146,1460.0
6772.2227,1314.0
6774.9316,1415.0
6777.6416,1643.0
6780.3525,1803.0
6783.0645,1857.0
6785.778,1664.0
6788.492,1605.0
6791.2075,1550.0
6793.924,1573.0
6796.6416,1383.0
6799.3604,1496.0
6802.08,1576.0
6804.801,1797.0
6807.5225,2150.0
6810.2456,1954.0
6812.9697,1537.0
6815.695,1292.0
6818.421,1284.0
6821.1484,1919.0
6823.877,2951.0
6826.6064,2661.0
6829.337,1808.0
6832.069,1408.0
6834.802,1187.0
6837.5356,1203.0
6840.2705,1431.0
6843.007,1852.0
6845.744,1674.0
6848.4824,1350.0
6851.2217,1259.0
6853.9624,1244.0
6856.704,1192.0
6859.447,1383.0
6862.1904,1330.0
6864.9355,1214.0
6867.6816,1244.0
6870.4287,1224.0
6873.177,1242.0
6875.9263,1235.0
6878.677,1236.0
6881.428,1197.0
6884.1807,1223.0
6886.9346,1295.0
6889.6895,1238.0
6892.4453,1195.0
6895.202,1246.0
6897.9604,1222.0
6900.7197,1293.0
6903.48,1271.0
6906.241,1253.0
6909.004,1225.0
6911.7676,1348.0
6914.532,1319.0
6917.298,1293.0
6920.065,1282.0
6922.833,1314.0
6925.602,1291.0
6928.372,1268.0
6931.1436,1328.0
6933.916,1301.0
6936.6895,1229.0
6939.4644,1285.0
6942.24,1267.0
6945.017,1271.0
6947.795,1504.0
6950.574,1390.0
6953.3545,1387.0
6956.1357,1495.0
6958.918,1368.0
6961.7017,1285.0
6964.4863,1340.0
6967.272,1368.0
6970.059,1327.0
6972.847,1555.0
6975.636,1698.0
6978.4263,1455.0
6981.218,1457.0
6984.0103,1514.0
6986.8037,1426.0
6989.5986,1542.0
6992.3945,1808.0
6995.1914,1723.0
6997.9893,1676.0
7000.7886,1584.0
7003.589,1576.0
7006.39,1476.0
7009.193,1620.0
7011.9966,1431.0
7014.8013,1561.0
7017.6074,1641.0
7020.4146,1546.0
7023.2227,1606.0
7026.0317,1790.0
7028.8423,1773.0
7031.654,1418.0
7034.4663,1324.0
7037.2803,1306.0
7040.095,1469.0
7042.911,2020.0
7045.7285,1761.0
7048.547,1486.0
7051.366,1259.0
7054.1865,1321.0
7057.0083,1528.0
7059.831,2369.0
7062.655,2191.0
7065.48,1695.0
7068.306,1429.0
7071.1333,1397.0
7073.962,1405.0
7076.7915,1227.0
7079.622,1335.0
7082.454,1405.0
7085.287,1450.0
7088.121,1503.0
7090.9565,1371.0
7093.793,1430.0
7096.6304,1492.0
7099.469,1414.0
7102.309,1285.0
7105.15,1484.0
7107.992,1476.0
7110.8354,1582.0
7113.6797,1634.0
7116.5254,1528.0
7119.372,1462.0
7122.2197,1569.0
7125.069,1687.0
7127.919,1692.0
7130.77,1614.0
7133.6226,1570.0
7136.476,1549.0
7139.3306,1836.0
7142.1865,1870.0
7145.0435,1675.0
7147.9014,1630.0
7150.7607,1537.0
7153.621,1688.0
7156.4824,2168.0
7159.345,2252.0
7162.209,1943.0
7165.0737,1668.0
7167.94,1711.0
7170.807,1859.0
7173.6753,2078.0
7176.545,1759.0
7179.4155,1765.0
7182.287,1808.0
7185.16,1705.0
7188.034,1786.0
7190.909,1997.0
7193.7856,1721.0
7196.663,2095.0
7199.542,2396.0
7202.422,1851.0
7205.3027,1585.0
7208.185,1278.0
7211.0684,1483.0
7213.9526,2591.0
7216.8384,2791.0
7219.725,1938.0
7222.613,1507.0
7225.502,1382.0
7228.392,1606.0
7231.283,3159.0
7234.176,3651.0
7237.0693,2346.0
7239.9644,1492.0
7242.8604,1355.0
7245.7573,1216.0
7248.656,1270.0
7251.555,1338.0
7254.4556,1320.0
7257.3574,1292.0
7260.2603,1202.0
7263.1646,1196.0
7266.07,1239.0
7268.976,1340.0
7271.884,1328.0
7274.7925,1181.0
7277.7026,1295.0
7280.614,1290.0
7283.526,1371.0
7286.4395,1382.0
7289.354,1369.0
7292.2695,1303.0
7295.1865,1428.0
7298.1045,1449.0
7301.024,1340.0
7303.9443,1201.0
7306.8657,1169.0
7309.7886,1342.0
7312.7124,1675.0
7315.6377,1665.0
7318.564,1338.0
7321.491,1236.0
7324.42,1185.0
7327.3496,1450.0
7330.281,1774.0
7333.213,1740.0
7336.146,1366.0
7339.0806,1344.0
7342.016,1285.0
7344.953,1362.0
7347.891,1452.0
7350.83,1421.0
7353.7705,1289.0
7356.712,1359.0
7359.655,1344.0
7362.5986,1277.0
7365.5435,1229.0
7368.4897,1314.0
7371.437,1305.0
7374.3857,1412.0
7377.3354,1382.0
7380.2866,1417.0
7383.239,1468.0
7386.192,1398.0
7389.1465,1460.0
7392.102,1383.0
7395.059,1381.0
7398.017,1413.0
7400.976,1643.0
7403.9365,1721.0
7406.898,1488.0
7409.861,1874.0
7412.8247,1941.0
7415.79,1550.0
7418.7563,1578.0
7421.7236,1577.0
7424.6924,1505.0
7427.662,1277.0
7430.6333,1279.0
7433.6055,1456.0
7436.579,1396.0
7439.5537,1305.0
7442.5293,1419.0
7445.5063,1271.0
7448.4844,1250.0
7451.464,1373.0
7454.4443,1267.0
7457.4263,1144.0
7460.409,1145.0
7463.3936,1123.0
7466.379,1270.0
7469.365,1475.0
7472.353,1259.0
7475.342,1116.0
7478.332,1098.0
7481.323,1189.0
7484.316,1716.0
7487.3096,1768.0
7490.3047,1493.0
7493.301,1179.0
7496.2983,1051.0
7499.297,1103.0
7502.2964,1105.0
7505.2974,1132.0
7508.2993,1045.0
7511.3027,1043.0
7514.307,1035.0
7517.313,1038.0
7520.32,1065.0
7523.328,1064.0
7526.3374,1082.0
7529.348,1153.0
7532.36,1065.0
7535.373,1044.0
7538.387,1077.0
7541.4023,1027.0
7544.419,1073.0
7547.4365,1204.0
7550.4556,1145.0
7553.4756,1061.0
7556.497,1048.0
7559.5195,1109.0
7562.5435,1185.0
7565.5684,1265.0
7568.5947,1059.0
7571.622,1073.0
7574.651,1056.0
7577.6807,1079.0
7580.712,1111.0
7583.744,1175.0
7586.778,1063.0
7589.8125,997.0
7592.8486,950.0
7595.8857,998.0
7598.9243,1190.0
7601.964,1146.0
7605.005,1072.0
7608.047,1095.0
7611.0903,1005.0
7614.135,1131.0
7617.18,1193.0
7620.227,1172.0
7623.275,1106.0
7626.324,1039.0
7629.3745,1049.0
7632.4263,1052.0
7635.479,977.0
7638.533,1063.0
7641.5884,1033.0
7644.645,1009.0
7647.7026,1029.0
7650.7617,1063.0
7653.8223,975.0
7656.884,1063.0
7659.947,1034.0
7663.0107,1050.0
7666.076,1086.0
7669.1426,948.0
7672.2104,1040.0
7675.2793,1101.0
7678.3496,1159.0
7681.421,1129.0
7684.4937,1144.0
7687.5674,1111.0
7690.6426,1061.0
7693.7188,1153.0
7696.7964,1111.0
7699.875,1047.0
7702.955,1157.0
7706.036,1200.0
7709.1187,1235.0
7712.202,1203.0
7715.287,1232.0
7718.373,1213.0
7721.4604,1233.0
7724.549,1321.0
7727.6387,1350.0
7730.7295,1250.0
7733.822,1336.0
7736.9155,1383.0
7740.0103,1330.0
7743.1064,1328.0
7746.2036,1430.0
7749.3022,1348.0
7752.402,1453.0
7755.503,1421.0
7758.605,1398.0
7761.7085,1241.0
7764.813,1213.0
7767.919,1325.0
7771.026,1536.0
7774.1343,1442.0
7777.244,1333.0
7780.355,1279.0
7783.4673,1287.0
7786.5806,1582.0
7789.6953,1890.0
7792.811,1673.0
7795.928,1417.0
7799.0464,1275.0
7802.166,1334.0
7805.287,1310.0
7808.409,1336.0
7811.5327,1440.0
7814.657,1411.0
7817.783,1289.0
7820.91,1318.0
7824.0386,1311.0
7827.168,1372.0
7830.299,1568.0
7833.431,1492.0
7836.5645,1368.0
7839.699,1341.0
7842.835,1435.0
7845.972,1520.0
7849.1104,1681.0
7852.25,1669.0
7855.391,1485.0
7858.533,1460.0
7861.677,1460.0
7864.8213,1473.0
7867.9673,1463.0
7871.1143,1428.0
7874.2627,1531.0
7877.4126,1510.0
7880.5635,1613.0
7883.716,1789.0
7886.869,1661.0
7890.024,1530.0
7893.18,1485.0
7896.3374,1601.0
7899.496,1789.0
7902.656,1913.0
7905.817,1822.0
7908.979,1629.0
7912.1426,1582.0
7915.3076,1806.0
7918.4736,2169.0
7921.641,2094.0
7924.8096,1852.0
7927.9795,1752.0
7931.151,1783.0
7934.323,1692.0
7937.497,2026.0
7940.672,2031.0
7943.848,1936.0
7947.026,1957.0
7950.2046,1880.0
7953.385,2082.0
7956.566,2037.0
7959.7485,2019.0
7962.9326,2372.0
7966.1177,2394.0
7969.304,2323.0
7972.4917,2365.0
7975.6807,2385.0
7978.871,2498.0
7982.0625,2766.0
7985.2554,2809.0
7988.4497,2851.0
7991.645,2798.0
7994.842,2772.0
7998.0396,2903.0
8001.239,2856.0
8004.4395,3126.0
8007.641,3334.0
8010.844,3291.0
8014.0483,3325.0
8017.254,3445.0
8020.461,3784.0
8023.669,3904.0
8026.8784,3413.0
8030.0894,3435.0
8033.3013,4049.0
8036.5146,4567.0
8039.7295,5159.0
8042.9453,4752.0
8046.1626,4123.0
8049.381,4102.0
8052.6006,5030.0
8055.822,6247.0
8059.044,6300.0
8062.2676,5302.0
8065.4927,5497.0
8068.7188,5972.0
8071.9463,5738.0
8075.1753,6909.0
8078.4053,6696.0
8081.6367,7281.0
8084.869,8928.0
8088.103,7231.0
8091.3384,5732.0
8094.5747,4900.0
8097.8125,6801.0
8101.052,11351.0
8104.292,10651.0
8107.5337,7804.0
8110.777,6623.0
8114.021,6173.0
8117.2666,13041.0
8120.5137,16684.0
8123.7617,12526.0
8127.011,10153.0
8130.262,8007.0
8133.514,7009.0
8136.7676,7849.0
8140.0225,9391.0
8143.2783,12063.0
8146.5356,11279.0
8149.7944,8703.0
8153.054,10824.0
8156.3154,10069.0
8159.578,10099.0
8162.842,11865.0
8166.107,11037.0
8169.3735,17864.0
8172.641,17692.0
8175.91,10562.0
8179.1807,6130.0
8182.452,6323.0
8185.725,22625.0
8188.9995,32568.0
8192.275,15992.0
8195.553,7086.0
8198.831,5261.0
8202.11,18598.0
8205.392,49114.0
8208.674,33231.0
8211.957,12018.0
8215.242,5637.0
8218.528,4157.0
8221.815,3406.0
8225.1045,4029.0
8228.395,4821.0
8231.686,3838.0
8234.979,2923.0
8238.272,2296.0
8241.567,2447.0
8244.864,2966.0
8248.162,2906.0
8251.461,2662.0
8254.762,2382.0
8258.063,2428.0
8261.367,2740.0
8264.672,2917.0
8267.978,2606.0
8271.285,2531.0
8274.594,2457.0
8277.903,2118.0
8281.215,2080.0
8284.527,2217.0
8287.841,2472.0
8291.156,2738.0
8294.473,2298.0
8297.79,2193.0
8301.109,2184.0
8304.43,2433.0
8307.751,2728.0
8311.074,2601.0
8314.398,2630.0
8317.725,2488.0
8321.052,2284.0
8324.38,2247.0
8327.71,2452.0
8331.041,2868.0
8334.373,2691.0
8337.707,2255.0
8341.042,2127.0
8344.378,2260.0
8347.716,2903.0
8351.055,3004.0
8354.3955,2481.0
8357.737,2602.0
8361.08,2421.0
8364.425,1961.0
8367.7705,1746.0
8371.117,1747.0
8374.466,2512.0
8377.815,2863.0
8381.167,2097.0
8384.52,1684.0
8387.873,1734.0
8391.229,2244.0
8394.585,2871.0
8397.942,2298.0
8401.302,1760.0
8404.662,1695.0
8408.024,1875.0
8411.388,1748.0
8414.752,1620.0
8418.118,1691.0
8421.485,1615.0
8424.854,1517.0
8428.224,1469.0
8431.595,1615.0
8434.968,1631.0
8438.342,1515.0
8441.717,1522.0
8445.094,1590.0
8448.472,1736.0
8451.851,1707.0
8455.231,1708.0
8458.613,1825.0
8461.997,1765.0
8465.382,1952.0
8468.768,1857.0
8472.155,2017.0
8475.544,2066.0
8478.935,1914.0
8482.326,1913.0
8485.719,2104.0
8489.113,2313.0
8492.509,2684.0
8495.906,2334.0
8499.305,2165.0
8502.704,2489.0
8506.105,2539.0
8509.508,2929.0
8512.911,2679.0
8516.316,2686.0
8519.723,3195.0
8523.131,2849.0
8526.54,2823.0
8529.95,2864.0
8533.362,3850.0
8536.775,4843.0
8540.19,3391.0
8543.606,2342.0
8547.023,2106.0
8550.442,4291.0
8553.862,6367.0
8557.284,4170.0
8560.707,2517.0
8564.131,2273.0
8567.557,4752.0
8570.983,8627.0
8574.412,6018.0
8577.842,3314.0
8581.272,2486.0
8584.705,1975.0
8588.139,1711.0
8591.574,1840.0
8595.011,2387.0
8598.449,2392.0
8601.889,1861.0
8605.329,1490.0
8608.771,1466.0
8612.215,1419.0
8615.66,1475.0
8619.106,1526.0
8622.554,1482.0
8626.003,1526.0
8629.453,1420.0
8632.905,1478.0
8636.358,1603.0
8639.8125,1566.0
8643.269,1526.0
8646.726,1514.0
8650.185,1567.0
8653.645,1632.0
8657.106,1596.0
8660.569,1595.0
8664.033,1630.0
8667.499,1736.0
8670.966,1782.0
8674.435,1789.0
8677.904,1913.0
8681.375,1867.0
8684.848,1932.0
8688.321,1841.0
8691.797,1964.0
8695.273,2028.0
8698.752,2175.0
8702.231,2047.0
8705.712,2358.0
8709.194,2379.0
8712.678,2514.0
8716.163,2979.0
8719.649,2962.0
8723.138,2613.0
8726.627,2427.0
8730.117,2455.0
8733.609,2511.0
8737.103,2661.0
8740.598,2699.0
8744.094,2614.0
8747.592,2513.0
8751.091,2658.0
8754.591,2858.0
8758.093,3086.0
8761.596,2833.0
8765.101,2923.0
8768.606,3033.0
8772.114,3510.0
8775.623,3447.0
8779.133,3390.0
8782.645,3536.0
8786.157,3285.0
8789.672,3422.0
8793.1875,3505.0
8796.705,4277.0
8800.224,4805.0
8803.744,3953.0
8807.266,3256.0
8810.788,3425.0
8814.3125,5266.0
8817.838,5906.0
8821.365,4450.0
8824.894,3750.0
8828.424,3803.0
8831.955,5728.0
8835.488,6484.0
8839.022,5097.0
8842.558,4447.0
8846.095,3888.0
8849.633,3761.0
8853.173,3748.0
8856.714,4389.0
8860.257,5088.0
8863.801,4568.0
8867.347,4250.0
8870.894,4051.0
8874.442,4780.0
8877.992,5843.0
8881.543,5109.0
8885.096,4740.0
8888.649,4285.0
8892.205,4324.0
8895.762,4370.0
8899.32,4963.0
8902.88,5074.0
8906.441,4564.0
8910.004,4431.0
8913.568,4613.0
8917.134,5435.0
8920.7,5177.0
8924.269,4831.0
8927.838,4768.0
8931.409,4912.0
8934.981,5760.0
8938.556,5606.0
8942.131,5166.0
8945.708,5109.0
8949.286,4566.0
8952.866,3903.0
8956.447,4141.0
8960.03,5011.0
8963.614,5030.0
8967.199,4415.0
8970.786,3567.0
8974.374,4193.0
8977.964,4873.0
8981.555,4503.0
8985.147,3941.0
8988.741,3567.0
8992.337,4282.0
8995.934,4494.0
8999.532,4164.0
9003.132,3452.0
9006.733,3770.0
9010.336,4285.0
9013.94,3699.0
9017.546,3470.0
9021.153,3362.0
9024.762,4269.0
9028.372,4587.0
9031.983,3537.0
9035.597,2628.0
9039.211,2970.0
9042.826,4111.0
9046.443,3874.0
9050.062,2767.0
9053.682,2361.0
9057.303,3225.0
9060.926,5214.0
9064.55,4425.0
9068.176,2808.0
9071.803,2253.0
9075.432,2507.0
9079.062,2761.0
9082.693,2579.0
9086.326,2322.0
9089.961,2141.0
9093.597,2212.0
9097.234,2334.0
9100.873,2236.0
9104.514,2186.0
9108.155,2153.0
9111.799,1975.0
9115.443,1867.0
9119.09,2110.0
9122.737,2250.0
9126.387,2061.0
9130.037,1989.0
9133.689,1966.0
9137.343,2071.0
9140.998,2263.0
9144.654,2061.0
9148.3125,2067.0
9151.972,1977.0
9155.633,1921.0
9159.295,1896.0
9162.959,2234.0
9166.624,2323.0
9170.291,2116.0
9173.959,1736.0
9177.629,1841.0
9181.3,2358.0
9184.973,2437.0
9188.646,2030.0
9192.322,1720.0
9195.999,1950.0
9199.678,2407.0
9203.357,2221.0
9207.039,1975.0
9210.722,1679.0
9214.406,1605.0
9218.092,1526.0
9221.779,1547.0
9225.468,1697.0
9229.158,1596.0
9232.85,1499.0
9236.543,1392.0
9240.237,1558.0
9243.934,1755.0
9247.631,1674.0
9251.33,1551.0
9255.03,1377.0
9258.732,1187.0
9262.436,1138.0
9266.141,1245.0
9269.847,1256.0
9273.555,1112.0
9277.264,1089.0
9280.975,1047.0
9284.687,1205.0
9288.4,1130.0
9292.116,1055.0
9295.833,1044.0
9299.552,1145.0
9303.271,1065.0
9306.993,1077.0
9310.716,1017.0
9314.44,1078.0
9318.166,1028.0
9321.894,1000.0
9325.622,1038.0
9329.353,1026.0
9333.084,973.0
9336.817,983.0
9340.552,972.0
9344.288,996.0
9348.025,1045.0
9351.765,955.0
9355.505,975.0
9359.247,1037.0
9362.991,957.0
9366.736,916.0
9370.483,940.0
9374.231,992.0
9377.981,927.0
9381.732,945.0
9385.485,919.0
9389.239,929.0
9392.995,875.0
9396.752,821.0
9400.511,896.0
9404.2705,874.0
9408.032,835.0
9411.796,848.0
9415.561,862.0
9419.327,787.0
9423.095,878.0
9426.864,927.0
9430.635,869.0
9434.407,778.0
9438.181,855.0
9441.956,876.0
9445.732,889.0
9449.511,880.0
9453.291,817.0
9457.072,770.0
9460.855,861.0
9464.64,891.0
9468.426,814.0
9472.213,817.0
9476.002,804.0
9479.792,731.0
9483.584,796.0
9487.377,830.0
9491.172,841.0
9494.969,819.0
9498.767,721.0
9502.566,763.0
9506.367,885.0
9510.17,784.0
9513.974,721.0
9517.779,736.0
9521.586,740.0
9525.395,695.0
9529.205,732.0
9533.017,712.0
9536.83,763.0
9540.645,693.0
9544.461,683.0
9548.278,741.0
9552.098,752.0
9555.919,712.0
9559.741,676.0
9563.565,721.0
9567.391,726.0
9571.218,658.0
9575.046,690.0
9578.876,665.0
9582.708,673.0
9586.541,683.0
9590.376,697.0
9594.212,689.0
9598.05,661.0
9601.889,669.0
9605.7295,690.0
9609.572,692.0
9613.416,678.0
9617.262,672.0
9621.108,673.0
9624.957,653.0
9628.807,612.0
9632.658,656.0
9636.512,656.0
9640.366,673.0
9644.223,593.0
9648.08,640.0
9651.939,629.0
9655.8,615.0
9659.662,711.0
9663.526,668.0
9667.392,635.0
9671.259,661.0
9675.127,645.0
9678.997,705.0
9682.869,687.0
9686.742,689.0
9690.617,683.0
9694.493,666.0
9698.371,624.0
9702.25,651.0
9706.131,723.0
9710.014,709.0
9713.897,643.0
9717.783,625.0
9721.67,582.0
9725.559,594.0
9729.449,647.0
9733.341,628.0
9737.234,623.0
9741.129,648.0
9745.025,639.0
9748.924,681.0
9752.823,658.0
9756.725,632.0
9760.627,620.0
9764.531,656.0
9768.4375,641.0
9772.345,640.0
9776.254,660.0
9780.164,634.0
9784.076,692.0
9787.99,657.0
9791.905,659.0
9795.822,695.0
9799.74,696.0
9803.66,787.0
9807.582,753.0
9811.505,683.0
9815.43,646.0
9819.355,654.0
9823.283,679.0
9827.213,925.0
9831.144,849.0
9835.076,702.0
9839.01,676.0
9842.945,862.0
9846.883,991.0
9850.821,800.0
9854.762,643.0
9858.704,694.0
9862.647,617.0
9866.593,596.0
9870.539,630.0
9874.487,575.0
9878.4375,608.0
9882.389,623.0
9886.342,552.0
9890.296,619.0
9894.252,609.0
9898.21,616.0
9902.169,598.0
9906.13,623.0
9910.093,646.0
9914.057,608.0
9918.022,586.0
9921.989,588.0
9925.958,590.0
9929.929,605.0
9933.9,605.0
9937.874,562.0
9941.85,578.0
9945.826,603.0
9949.805,556.0
9953.784,664.0
9957.766,605.0
9961.749,624.0
9965.733,621.0
9969.72,740.0
9973.708,675.0
9977.697,620.0
9981.688,571.0
9985.681,588.0
9989.675,549.0
9993.671,542.0
9997.668,586.0
10001.667,548.0
10005.668,579.0
10009.67,548.0
10013.674,593.0
10017.68,599.0
10021.687,575.0
10025.695,584.0
10029.706,554.0
10033.718,556.0
10037.731,587.0
10041.746,620.0
10045.763,604.0
10049.781,564.0
10053.801,627.0
10057.822,624.0
10061.846,593.0
10065.87,611.0
10069.896,637.0
10073.925,580.0
10077.954,565.0
10081.985,610.0
10086.019,634.0
10090.053,641.0
10094.089,601.0
10098.127,605.0
10102.166,632.0
10106.207,613.0
10110.25,605.0
10114.294,606.0
10118.34,610.0
10122.387,636.0
10126.436,662.0
10130.486,639.0
10134.538,616.0
10138.592,591.0
10142.647,604.0
10146.704,644.0
10150.763,605.0
10154.823,612.0
10158.885,651.0
10162.948,646.0
10167.014,635.0
10171.08,581.0
10175.148,606.0
10179.219,638.0
10183.29,666.0
10187.363,611.0
10191.438,588.0
10195.515,613.0
10199.593,624.0
10203.673,667.0
10207.754,600.0
10211.837,633.0
10215.922,646.0
10220.008,682.0
10224.096,632.0
10228.186,609.0
10232.276,643.0
10236.369,618.0
10240.464,618.0
10244.56,612.0
10248.657,602.0
10252.757,606.0
10256.858,670.0
10260.961,661.0
10265.065,605.0
10269.172,623.0
10273.279,640.0
10277.389,635.0
10281.5,595.0
10285.612,617.0
10289.727,618.0
10293.843,725.0
10297.96,627.0
10302.079,618.0
10306.2,630.0
10310.322,672.0
10314.446,666.0
10318.572,686.0
10322.699,633.0
10326.828,679.0
10330.959,703.0
10335.092,687.0
10339.226,710.0
10343.361,645.0
10347.499,678.0
10351.638,656.0
10355.778,697.0
10359.921,651.0
10364.064,623.0
10368.21,650.0
10372.357,715.0
10376.507,657.0
10380.657,689.0
10384.81,674.0
10388.964,647.0
10393.119,679.0
10397.276,631.0
10401.436,614.0
10405.596,646.0
10409.758,629.0
10413.922,687.0
10418.088,596.0
10422.255,650.0
10426.424,631.0
10430.595,674.0
10434.767,627.0
10438.94,649.0
10443.116,674.0
10447.294,681.0
10451.473,628.0
10455.653,621.0
10459.836,620.0
10464.02,626.0
10468.205,650.0
10472.393,631.0
10476.581,630.0
10480.771,663.0
10484.964,693.0
10489.158,635.0
10493.354,684.0
10497.551,672.0
10501.75,628.0
10505.951,647.0
10510.153,647.0
10514.357,692.0
10518.563,657.0
10522.7705,689.0
10526.9795,688.0
10531.19,693.0
10535.403,677.0
10539.617,682.0
10543.833,681.0
10548.051,668.0
10552.27,630.0
10556.49,661.0
10560.713,596.0
10564.9375,670.0
10569.163,639.0
10573.391,662.0
10577.62,665.0
10581.852,695.0
10586.084,702.0
10590.318,681.0
10594.555,685.0
10598.793,716.0
10603.032,671.0
10607.273,686.0
10611.517,696.0
10615.761,739.0
10620.007,710.0
10624.255,720.0
10628.505,714.0
10632.756,696.0
10637.009,697.0
10641.264,711.0
10645.5205,682.0
10649.778,739.0
10654.038,799.0
10658.3,710.0
10662.563,733.0
10666.828,747.0
10671.095,778.0
10675.363,752.0
10679.634,765.0
10683.905,772.0
10688.179,771.0
10692.454,781.0
10696.731,833.0
10701.01,799.0
10705.29,791.0
10709.572,751.0
10713.856,811.0
10718.142,834.0
10722.429,921.0
10726.718,791.0
10731.009,776.0
10735.301,886.0
10739.595,1069.0
10743.891,936.0
10748.188,794.0
10752.487,805.0
10756.788,947.0
10761.091,915.0
10765.3955,768.0
10769.702,749.0
10774.01,726.0
10778.319,741.0
10782.631,782.0
10786.944,729.0
10791.259,760.0
10795.575,713.0
10799.894,669.0
10804.214,716.0
10808.535,729.0
10812.858,757.0
10817.184,718.0
10821.511,657.0
10825.839,738.0
10830.169,729.0
10834.501,712.0
10838.835,714.0
10843.171,734.0
10847.508,738.0
10851.847,750.0
10856.1875,761.0
10860.53,755.0
10864.874,731.0
10869.22,762.0
10873.567,755.0
10877.917,721.0
10882.269,783.0
10886.621,816.0
10890.976,780.0
10895.332,762.0
10899.69,806.0
10904.051,722.0
10908.412,768.0
10912.775,748.0
10917.141,741.0
10921.508,781.0
10925.876,794.0
10930.246,770.0
10934.618,744.0
10938.992,715.0
10943.368,759.0
10947.745,725.0
10952.124,770.0
10956.505,794.0
10960.888,786.0
10965.272,795.0
10969.658,746.0
10974.046,782.0
10978.436,778.0
10982.827,816.0
10987.221,784.0
10991.615,772.0
10996.012,762.0
11000.41,744.0
11004.811,856.0
11009.213,799.0
11013.616,747.0
11018.021,780.0
11022.429,833.0
11026.838,844.0
11031.249,814.0
11035.661,780.0
11040.075,832.0
11044.491,796.0
11048.909,840.0
11053.329,803.0
11057.75,814.0
11062.173,835.0
11066.598,821.0
11071.024,864.0
11075.453,788.0
11079.884,767.0
11084.315,737.0
11088.749,768.0
11093.185,770.0
11097.622,759.0
11102.062,846.0
11106.502,826.0
11110.944,801.0
11115.389,816.0
11119.835,830.0
11124.283,773.0
11128.733,835.0
11133.185,805.0
11137.638,755.0
11142.093,829.0
11146.55,790.0
11151.009,817.0
11155.469,773.0
11159.931,839.0
11164.395,826.0
11168.86,779.0
11173.328,768.0
11177.798,836.0
11182.269,807.0
11186.741,841.0
11191.216,823.0
11195.692,837.0
11200.171,870.0
11204.651,786.0
11209.133,804.0
11213.616,839.0
11218.102,823.0
11222.589,825.0
11227.078,911.0
11231.569,871.0
11236.062,900.0
11240.556,834.0
11245.052,894.0
11249.55,834.0
11254.05,854.0
11258.552,870.0
11263.056,899.0
11267.561,911.0
11272.067,927.0
11276.576,930.0
11281.087,929.0
11285.6,1004.0
11290.114,887.0
11294.63,965.0
11299.147,985.0
11303.667,977.0
11308.188,1003.0
11312.712,1007.0
11317.237,1073.0
11321.765,1040.0
11326.293,1055.0
11330.823,1108.0
11335.355,1115.0
11339.89,1057.0
11344.426,1151.0
11348.964,1153.0
11353.504,1195.0
11358.045,1182.0
11362.588,1283.0
11367.133,1273.0
11371.68,1261.0
11376.229,1272.0
11380.779,1308.0
11385.332,1331.0
11389.886,1307.0
11394.441,1399.0
11398.999,1508.0
11403.559,1415.0
11408.12,1494.0
11412.684,1544.0
11417.249,1596.0
11421.816,1449.0
11426.385,1592.0
11430.955,1634.0
11435.527,1762.0
11440.102,1732.0
11444.678,1698.0
11449.256,1806.0
11453.836,1799.0
11458.417,1826.0
11463.0,1891.0
11467.585,1906.0
11472.172,1869.0
11476.761,2041.0
11481.352,2116.0
11485.944,2123.0
11490.539,2081.0
11495.136,2231.0
11499.733,2168.0
11504.333,2142.0
11508.935,2176.0
11513.538,2422.0
11518.144,2307.0
11522.751,2279.0
11527.36,2497.0
11531.972,2489.0
11536.584,2293.0
11541.198,2433.0
11545.814,2635.0
11550.433,2591.0
11555.053,2316.0
11559.675,2633.0
11564.299,2595.0
11568.925,2308.0
11573.553,2401.0
11578.183,2777.0
11582.813,2649.0
11587.446,2255.0
11592.081,2612.0
11596.718,2763.0
11601.356,2401.0
11605.997,2502.0
11610.64,2863.0
11615.284,2891.0
11619.931,2451.0
11624.579,2780.0
11629.229,2727.0
11633.88,2347.0
11638.533,2544.0
11643.188,3088.0
11647.846,2516.0
11652.505,1919.0
11657.166,2541.0
11661.829,2936.0
11666.494,2107.0
11671.161,1831.0
11675.83,3085.0
11680.5,3297.0
11685.172,2144.0
11689.846,1671.0
11694.521,1706.0
11699.199,1510.0
11703.879,1433.0
11708.561,1381.0
11713.244,1256.0
11717.93,1271.0
11722.617,1247.0
11727.307,1197.0
11731.998,1175.0
11736.69,1183.0
11741.385,1203.0
11746.081,1150.0
11750.779,1186.0
11755.4795,1226.0
11760.182,1155.0
11764.886,1150.0
11769.592,1190.0
11774.3,1137.0
11779.01,1117.0
11783.722,1196.0
11788.436,1197.0
11793.151,1112.0
11797.868,1089.0
11802.587,1088.0
11807.308,1124.0
11812.03,1022.0
11816.755,1050.0
11821.481,1183.0
11826.21,1121.0
11830.94,1039.0
11835.673,995.0
11840.407,905.0
11845.144,920.0
11849.882,967.0
11854.622,897.0
11859.364,784.0
11864.108,979.0
11868.8545,1002.0
11873.602,865.0
11878.351,859.0
11883.102,813.0
11887.8545,795.0
11892.609,766.0
11897.366,778.0
11902.125,755.0
11906.886,739.0
11911.648,767.0
11916.413,756.0
11921.18,781.0
11925.948,765.0
11930.719,750.0
11935.491,719.0
11940.266,791.0
11945.042,802.0
11949.82,768.0
11954.601,780.0
11959.383,786.0
11964.167,783.0
11968.953,754.0
11973.74,733.0
11978.529,726.0
11983.32,643.0
11988.113,680.0
11992.908,727.0
